0 39.28182 39.28182 84.1980334 84.1980334 84.19808 84.19808 84.19808 84.198079 84.198079 84.198069 84.198069
39.28182 0 29.335 84.1980534 84.1980534 84.1981 84.1981 84.1981 84.198099 84.198099 84.198089 84.198089
39.28182 29.335 0 84.1980534 84.1980534 84.1981 84.1981 84.1981 84.198099 84.198099 84.198089 84.198089
84.1980334 84.1980534 84.1980534 0 0.0216668 59.7403134 59.7403134 59.7403134 79.9843124 79.9843124 79.9843024 79.9843024
84.1980334 84.1980534 84.1980534 0.0216668 0 59.7403134 59.7403134 59.7403134 79.9843124 79.9843124 79.9843024 79.9843024
84.19808 84.1981 84.1981 59.7403134 59.7403134 0 7.02054 19.67196 79.984359 79.984359 79.984349 79.984349
84.19808 84.1981 84.1981 59.7403134 59.7403134 7.02054 0 19.67196 79.984359 79.984359 79.984349 79.984349
84.19808 84.1981 84.1981 59.7403134 59.7403134 19.67196 19.67196 0 79.984359 79.984359 79.984349 79.984349
84.198079 84.198099 84.198099 79.9843124 79.9843124 79.984359 79.984359 79.984359 0 1.42582 79.50521 79.50521
84.198079 84.198099 84.198099 79.9843124 79.9843124 79.984359 79.984359 79.984359 1.42582 0 79.50521 79.50521
84.198069 84.198089 84.198089 79.9843024 79.9843024 79.984349 79.984349 79.984349 79.50521 79.50521 0 58.8802
84.198069 84.198089 84.198089 79.9843024 79.9843024 79.984349 79.984349 79.984349 79.50521 79.50521 58.8802 0
