0 17.54506 65.43688 65.43688 65.43688 65.43679 113.626557 113.626557 113.62656 113.626559 113.626553 113.626553
17.54506 0 65.43688 65.43688 65.43688 65.43679 113.626557 113.626557 113.62656 113.626559 113.626553 113.626553
65.43688 65.43688 0 4.7872 42.3684 51.76629 113.626577 113.626577 113.62658 113.626579 113.626573 113.626573
65.43688 65.43688 4.7872 0 42.3684 51.76629 113.626577 113.626577 113.62658 113.626579 113.626573 113.626573
65.43688 65.43688 42.3684 42.3684 0 51.76629 113.626577 113.626577 113.62658 113.626579 113.626573 113.626573
65.43679 65.43679 51.76629 51.76629 51.76629 0 113.626487 113.626487 113.62649 113.626489 113.626483 113.626483
113.626557 113.626557 113.626577 113.626577 113.626577 113.626487 0 19.70046 19.909657 19.909656 19.90965 19.90965
113.626557 113.626557 113.626577 113.626577 113.626577 113.626487 19.70046 0 19.909657 19.909656 19.90965 19.90965
113.62656 113.62656 113.62658 113.62658 113.62658 113.62649 19.909657 19.909657 0 7.324299 7.324293 7.324293
113.626559 113.626559 113.626579 113.626579 113.626579 113.626489 19.909656 19.909656 7.324299 0 7.095214 7.095214
113.626553 113.626553 113.626573 113.626573 113.626573 113.626483 19.90965 19.90965 7.324293 7.095214 0 1.206028
113.626553 113.626553 113.626573 113.626573 113.626573 113.626483 19.90965 19.90965 7.324293 7.095214 1.206028 0
