0 105.92637 105.926334208 105.926384208 105.926384208 105.92638 105.926387 105.926387 105.926387 105.9264 106.453976 106.453976
105.92637 0 21.283564208 21.283614208 21.283614208 25.25289 25.252897 25.252897 25.252897 37.72017 106.453946 106.453946
105.926334208 21.283564208 0 21.28205 21.28205 25.252854208 25.252861208 25.252861208 25.252861208 37.720134208 106.453910208 106.453910208
105.926384208 21.283614208 21.28205 0 9.1238 25.252904208 25.252911208 25.252911208 25.252911208 37.720184208 106.453960208 106.453960208
105.926384208 21.283614208 21.28205 9.1238 0 25.252904208 25.252911208 25.252911208 25.252911208 37.720184208 106.453960208 106.453960208
105.92638 25.25289 25.252854208 25.252904208 25.252904208 0 19.499587 19.499587 19.499587 37.72018 106.453956 106.453956
105.926387 25.252897 25.252861208 25.252911208 25.252911208 19.499587 0 18.4619 18.4619 37.720187 106.453963 106.453963
105.926387 25.252897 25.252861208 25.252911208 25.252911208 19.499587 18.4619 0 8.98174 37.720187 106.453963 106.453963
105.926387 25.252897 25.252861208 25.252911208 25.252911208 19.499587 18.4619 8.98174 0 37.720187 106.453963 106.453963
105.9264 37.72017 37.720134208 37.720184208 37.720184208 37.72018 37.720187 37.720187 37.720187 0 106.453976 106.453976
106.453976 106.453946 106.453910208 106.453960208 106.453960208 106.453956 106.453963 106.453963 106.453963 106.453976 0 58.5632
106.453976 106.453946 106.453910208 106.453960208 106.453960208 106.453956 106.453963 106.453963 106.453963 106.453976 58.5632 0
