0 5.23058 29.63131 29.631317 29.631317 29.631316 31.403582 31.403582 31.403582 31.403582 49.252862 69.658462
5.23058 0 29.63131 29.631317 29.631317 29.631316 31.403582 31.403582 31.403582 31.403582 49.252862 69.658462
29.63131 29.63131 0 8.912647 8.912647 8.912646 31.403512 31.403512 31.403512 31.403512 49.252792 69.658392
29.631317 29.631317 8.912647 0 0.687832 1.560813 31.403519 31.403519 31.403519 31.403519 49.252799 69.658399
29.631317 29.631317 8.912647 0.687832 0 1.560813 31.403519 31.403519 31.403519 31.403519 49.252799 69.658399
29.631316 29.631316 8.912646 1.560813 1.560813 0 31.403518 31.403518 31.403518 31.403518 49.252798 69.658398
31.403582 31.403582 31.403512 31.403519 31.403519 31.403518 0 8.75734 16.66544 16.66544 49.25284 69.65844
31.403582 31.403582 31.403512 31.403519 31.403519 31.403518 8.75734 0 16.66544 16.66544 49.25284 69.65844
31.403582 31.403582 31.403512 31.403519 31.403519 31.403518 16.66544 16.66544 0 5.56616 49.25284 69.65844
31.403582 31.403582 31.403512 31.403519 31.403519 31.403518 16.66544 16.66544 5.56616 0 49.25284 69.65844
49.252862 49.252862 49.252792 49.252799 49.252799 49.252798 49.25284 49.25284 49.25284 49.25284 0 69.6584
69.658462 69.658462 69.658392 69.658399 69.658399 69.658398 69.65844 69.65844 69.65844 69.65844 69.6584 0
