0 52.22743 52.22743 52.22743 52.2274 52.2274 56.71379 73.64027 73.64027 73.64027 73.64027 73.64027
52.22743 0 29.5514 38.98506 38.98503 38.98503 56.71382 73.6403 73.6403 73.6403 73.6403 73.6403
52.22743 29.5514 0 38.98506 38.98503 38.98503 56.71382 73.6403 73.6403 73.6403 73.6403 73.6403
52.22743 38.98506 38.98506 0 24.79077 24.79077 56.71382 73.6403 73.6403 73.6403 73.6403 73.6403
52.2274 38.98503 38.98503 24.79077 0 22.1842 56.71379 73.64027 73.64027 73.64027 73.64027 73.64027
52.2274 38.98503 38.98503 24.79077 22.1842 0 56.71379 73.64027 73.64027 73.64027 73.64027 73.64027
56.71379 56.71382 56.71382 56.71382 56.71379 56.71379 0 73.64028 73.64028 73.64028 73.64028 73.64028
73.64027 73.6403 73.6403 73.6403 73.64027 73.64027 73.64028 0 8.39328 67.37808 67.37808 67.37808
73.64027 73.6403 73.6403 73.6403 73.64027 73.64027 73.64028 8.39328 0 67.37808 67.37808 67.37808
73.64027 73.6403 73.6403 73.6403 73.64027 73.64027 73.64028 67.37808 67.37808 0 8.55594 19.83488
73.64027 73.6403 73.6403 73.6403 73.64027 73.64027 73.64028 67.37808 67.37808 8.55594 0 19.83488
73.64027 73.6403 73.6403 73.6403 73.64027 73.64027 73.64028 67.37808 67.37808 19.83488 19.83488 0
