0 30.244374 30.2443744 30.2443744 30.244374 61.66015 61.66015 61.6602 61.6602 61.66021 61.66017 61.66017
30.244374 0 0.3861864 0.3861864 1.745148 61.660124 61.660124 61.660174 61.660174 61.660184 61.660144 61.660144
30.2443744 0.3861864 0 0.0928548 1.7451484 61.6601244 61.6601244 61.6601744 61.6601744 61.6601844 61.6601444 61.6601444
30.2443744 0.3861864 0.0928548 0 1.7451484 61.6601244 61.6601244 61.6601744 61.6601744 61.6601844 61.6601444 61.6601444
30.244374 1.745148 1.7451484 1.7451484 0 61.660124 61.660124 61.660174 61.660174 61.660184 61.660144 61.660144
61.66015 61.660124 61.6601244 61.6601244 61.660124 0 22.2686 42.01319 42.01319 42.0132 42.01316 42.01316
61.66015 61.660124 61.6601244 61.6601244 61.660124 22.2686 0 42.01319 42.01319 42.0132 42.01316 42.01316
61.6602 61.660174 61.6601744 61.6601744 61.660174 42.01319 42.01319 0 6.51244 37.70645 37.70641 37.70641
61.6602 61.660174 61.6601744 61.6601744 61.660174 42.01319 42.01319 6.51244 0 37.70645 37.70641 37.70641
61.66021 61.660184 61.6601844 61.6601844 61.660184 42.0132 42.0132 37.70645 37.70645 0 32.45096 32.45096
61.66017 61.660144 61.6601444 61.6601444 61.660144 42.01316 42.01316 37.70641 37.70641 32.45096 0 6.62572
61.66017 61.660144 61.6601444 61.6601444 61.660144 42.01316 42.01316 37.70641 37.70641 32.45096 6.62572 0
