0 61.625825 61.625805 61.625805 61.625805 61.6258 64.53912 64.53912 64.53907 64.53907 68.28292 68.28292
61.625825 0 32.68118 32.68118 36.08882 36.424225 64.539145 64.539145 64.539095 64.539095 68.282945 68.282945
61.625805 32.68118 0 15.77822 36.0888 36.424205 64.539125 64.539125 64.539075 64.539075 68.282925 68.282925
61.625805 32.68118 15.77822 0 36.0888 36.424205 64.539125 64.539125 64.539075 64.539075 68.282925 68.282925
61.625805 36.08882 36.0888 36.0888 0 36.424205 64.539125 64.539125 64.539075 64.539075 68.282925 68.282925
61.6258 36.424225 36.424205 36.424205 36.424205 0 64.53912 64.53912 64.53907 64.53907 68.28292 68.28292
64.53912 64.539145 64.539125 64.539125 64.539125 64.53912 0 4.971 42.74655 42.74655 68.283 68.283
64.53912 64.539145 64.539125 64.539125 64.539125 64.53912 4.971 0 42.74655 42.74655 68.283 68.283
64.53907 64.539095 64.539075 64.539075 64.539075 64.53907 42.74655 42.74655 0 30.1242 68.28295 68.28295
64.53907 64.539095 64.539075 64.539075 64.539075 64.53907 42.74655 42.74655 30.1242 0 68.28295 68.28295
68.28292 68.282945 68.282925 68.282925 68.282925 68.28292 68.283 68.283 68.28295 68.28295 0 25.7874
68.28292 68.282945 68.282925 68.282925 68.282925 68.28292 68.283 68.283 68.28295 68.28295 25.7874 0
