0 83.697827 83.697837 83.697837 83.697827 83.697807 83.697787 83.697787 83.697817 83.697787 83.697787 83.697757
83.697827 0 23.65961 23.65961 23.6596 23.65958 70.16756 70.16756 76.67101 83.0493 83.0493 83.04927
83.697837 23.65961 0 2.60652 10.21499 20.85363 70.16757 70.16757 76.67102 83.04931 83.04931 83.04928
83.697837 23.65961 2.60652 0 10.21499 20.85363 70.16757 70.16757 76.67102 83.04931 83.04931 83.04928
83.697827 23.6596 10.21499 10.21499 0 20.85362 70.16756 70.16756 76.67101 83.0493 83.0493 83.04927
83.697807 23.65958 20.85363 20.85363 20.85362 0 70.16754 70.16754 76.67099 83.04928 83.04928 83.04925
83.697787 70.16756 70.16757 70.16757 70.16756 70.16754 0 4.57352 76.67097 83.04926 83.04926 83.04923
83.697787 70.16756 70.16757 70.16757 70.16756 70.16754 4.57352 0 76.67097 83.04926 83.04926 83.04923
83.697817 76.67101 76.67102 76.67102 76.67101 76.67099 76.67097 76.67097 0 83.04929 83.04929 83.04926
83.697787 83.0493 83.04931 83.04931 83.0493 83.04928 83.04926 83.04926 83.04929 0 7.92358 25.02843
83.697787 83.0493 83.04931 83.04931 83.0493 83.04928 83.04926 83.04926 83.04929 7.92358 0 25.02843
83.697757 83.04927 83.04928 83.04928 83.04927 83.04925 83.04923 83.04923 83.04926 25.02843 25.02843 0
