0 29.2022 88.84165 88.84165 88.84169 88.84168 88.84167 88.84168 88.84168 88.84167 88.84167 88.84169
29.2022 0 88.84165 88.84165 88.84169 88.84168 88.84167 88.84168 88.84168 88.84167 88.84167 88.84169
88.84165 88.84165 0 86.5698 86.56984 86.56983 86.56982 86.56983 86.56983 86.56982 86.56982 86.56984
88.84165 88.84165 86.5698 0 38.50624 38.50623 38.50622 38.50623 38.50623 38.50622 38.50622 38.50624
88.84169 88.84169 86.56984 38.50624 0 35.79819 35.79818 35.79819 35.79819 35.79818 35.79818 35.7982
88.84168 88.84168 86.56983 38.50623 35.79819 0 15.84049 15.8405 15.8405 20.34763 20.34763 22.67799
88.84167 88.84167 86.56982 38.50622 35.79818 15.84049 0 13.39857 13.39857 20.34762 20.34762 22.67798
88.84168 88.84168 86.56983 38.50623 35.79819 15.8405 13.39857 0 5.02888 20.34763 20.34763 22.67799
88.84168 88.84168 86.56983 38.50623 35.79819 15.8405 13.39857 5.02888 0 20.34763 20.34763 22.67799
88.84167 88.84167 86.56982 38.50622 35.79818 20.34763 20.34762 20.34763 20.34763 0 9.6323 22.67798
88.84167 88.84167 86.56982 38.50622 35.79818 20.34763 20.34762 20.34763 20.34763 9.6323 0 22.67798
88.84169 88.84169 86.56984 38.50624 35.7982 22.67799 22.67798 22.67799 22.67799 22.67798 22.67798 0
