0 39.01719 39.01719 86.15666 86.15666 86.15661 86.15661 86.156574 86.156574 86.15658 86.15658 86.15658
39.01719 0 8.06918 86.15665 86.15665 86.1566 86.1566 86.156564 86.156564 86.15657 86.15657 86.15657
39.01719 8.06918 0 86.15665 86.15665 86.1566 86.1566 86.156564 86.156564 86.15657 86.15657 86.15657
86.15666 86.15665 86.15665 0 68.8706 72.17291 72.17291 72.172874 72.172874 72.17288 72.17288 72.17288
86.15666 86.15665 86.15665 68.8706 0 72.17291 72.17291 72.172874 72.172874 72.17288 72.17288 72.17288
86.15661 86.1566 86.1566 72.17291 72.17291 0 17.5701 53.897064 53.897064 53.89707 53.89707 53.89707
86.15661 86.1566 86.1566 72.17291 72.17291 17.5701 0 53.897064 53.897064 53.89707 53.89707 53.89707
86.156574 86.156564 86.156564 72.172874 72.172874 53.897064 53.897064 0 0.697228 19.337834 24.985434 24.985434
86.156574 86.156564 86.156564 72.172874 72.172874 53.897064 53.897064 0.697228 0 19.337834 24.985434 24.985434
86.15658 86.15657 86.15657 72.17288 72.17288 53.89707 53.89707 19.337834 19.337834 0 24.98544 24.98544
86.15658 86.15657 86.15657 72.17288 72.17288 53.89707 53.89707 24.985434 24.985434 24.98544 0 12.1994
86.15658 86.15657 86.15657 72.17288 72.17288 53.89707 53.89707 24.985434 24.985434 24.98544 12.1994 0
