0 8.32416 8.32416 40.4989 40.4989 99.09118 99.09118 252.6662 252.6662 252.66628 252.66628 252.66629
8.32416 0 3.33058 40.4989 40.4989 99.09118 99.09118 252.6662 252.6662 252.66628 252.66628 252.66629
8.32416 3.33058 0 40.4989 40.4989 99.09118 99.09118 252.6662 252.6662 252.66628 252.66628 252.66629
40.4989 40.4989 40.4989 0 5.38744 99.09112 99.09112 252.66614 252.66614 252.66622 252.66622 252.66623
40.4989 40.4989 40.4989 5.38744 0 99.09112 99.09112 252.66614 252.66614 252.66622 252.66622 252.66623
99.09118 99.09118 99.09118 99.09112 99.09112 0 29.5568 252.66622 252.66622 252.6663 252.6663 252.66631
99.09118 99.09118 99.09118 99.09112 99.09112 29.5568 0 252.66622 252.66622 252.6663 252.6663 252.66631
252.6662 252.6662 252.6662 252.66614 252.66614 252.66622 252.66622 0 6.47864 67.78672 67.78672 67.78673
252.6662 252.6662 252.6662 252.66614 252.66614 252.66622 252.66622 6.47864 0 67.78672 67.78672 67.78673
252.66628 252.66628 252.66628 252.66622 252.66622 252.6663 252.6663 67.78672 67.78672 0 12.81726 17.87681
252.66628 252.66628 252.66628 252.66622 252.66622 252.6663 252.6663 67.78672 67.78672 12.81726 0 17.87681
252.66629 252.66629 252.66629 252.66623 252.66623 252.66631 252.66631 67.78673 67.78673 17.87681 17.87681 0
