0 65.5178 90.8958 178.19281 178.19277 178.19277 178.19277 178.19273 178.19281 178.192844 178.192844 178.1928
65.5178 0 90.8958 178.19281 178.19277 178.19277 178.19277 178.19273 178.19281 178.192844 178.192844 178.1928
90.8958 90.8958 0 178.19281 178.19277 178.19277 178.19277 178.19273 178.19281 178.192844 178.192844 178.1928
178.19281 178.19281 178.19281 0 81.80916 81.80916 81.80916 81.80912 81.8092 91.489254 91.489254 139.40581
178.19277 178.19277 178.19277 81.80916 0 6.70696 9.20192 27.19204 39.10616 91.489214 91.489214 139.40577
178.19277 178.19277 178.19277 81.80916 6.70696 0 9.20192 27.19204 39.10616 91.489214 91.489214 139.40577
178.19277 178.19277 178.19277 81.80916 9.20192 9.20192 0 27.19204 39.10616 91.489214 91.489214 139.40577
178.19273 178.19273 178.19273 81.80912 27.19204 27.19204 27.19204 0 39.10612 91.489174 91.489174 139.40573
178.19281 178.19281 178.19281 81.8092 39.10616 39.10616 39.10616 39.10612 0 91.489254 91.489254 139.40581
178.192844 178.192844 178.192844 91.489254 91.489214 91.489214 91.489214 91.489174 91.489254 0 0.458288 139.405844
178.192844 178.192844 178.192844 91.489254 91.489214 91.489214 91.489214 91.489174 91.489254 0.458288 0 139.405844
178.1928 178.1928 178.1928 139.40581 139.40577 139.40577 139.40577 139.40573 139.40581 139.405844 139.405844 0
