0 15.03139 15.03139 15.0314 15.031403 15.031403 15.0314 16.580543 16.580543 136.55217 136.55217 136.55217
15.03139 0 6.9136 10.03119 12.214753 12.214753 12.21475 16.580533 16.580533 136.55216 136.55216 136.55216
15.03139 6.9136 0 10.03119 12.214753 12.214753 12.21475 16.580533 16.580533 136.55216 136.55216 136.55216
15.0314 10.03119 10.03119 0 12.214763 12.214763 12.21476 16.580543 16.580543 136.55217 136.55217 136.55217
15.031403 12.214753 12.214753 12.214763 0 0.836946 6.093343 16.580546 16.580546 136.552173 136.552173 136.552173
15.031403 12.214753 12.214753 12.214763 0.836946 0 6.093343 16.580546 16.580546 136.552173 136.552173 136.552173
15.0314 12.21475 12.21475 12.21476 6.093343 6.093343 0 16.580543 16.580543 136.55217 136.55217 136.55217
16.580543 16.580533 16.580533 16.580543 16.580546 16.580546 16.580543 0 15.80712 136.552173 136.552173 136.552173
16.580543 16.580533 16.580533 16.580543 16.580546 16.580546 16.580543 15.80712 0 136.552173 136.552173 136.552173
136.55217 136.55216 136.55216 136.55217 136.552173 136.552173 136.55217 136.552173 136.552173 0 46.5034 66.8318
136.55217 136.55216 136.55216 136.55217 136.552173 136.552173 136.55217 136.552173 136.552173 46.5034 0 66.8318
136.55217 136.55216 136.55216 136.55217 136.552173 136.552173 136.55217 136.552173 136.552173 66.8318 66.8318 0
