0 9.821007 9.821007 19.3988 55.22219 55.22219 55.22223 55.22218 55.22222 55.22222 55.2222 55.2222
9.821007 0 0.305334 19.398807 55.222197 55.222197 55.222237 55.222187 55.222227 55.222227 55.222207 55.222207
9.821007 0.305334 0 19.398807 55.222197 55.222197 55.222237 55.222187 55.222227 55.222227 55.222207 55.222207
19.3988 19.398807 19.398807 0 55.22219 55.22219 55.22223 55.22218 55.22222 55.22222 55.2222 55.2222
55.22219 55.222197 55.222197 55.22219 0 11.11042 25.17436 43.36841 49.36267 49.36267 49.36265 49.36265
55.22219 55.222197 55.222197 55.22219 11.11042 0 25.17436 43.36841 49.36267 49.36267 49.36265 49.36265
55.22223 55.222237 55.222237 55.22223 25.17436 25.17436 0 43.36845 49.36271 49.36271 49.36269 49.36269
55.22218 55.222187 55.222187 55.22218 43.36841 43.36841 43.36845 0 49.36266 49.36266 49.36264 49.36264
55.22222 55.222227 55.222227 55.22222 49.36267 49.36267 49.36271 49.36266 0 4.2295 29.17648 29.17648
55.22222 55.222227 55.222227 55.22222 49.36267 49.36267 49.36271 49.36266 4.2295 0 29.17648 29.17648
55.2222 55.222207 55.222207 55.2222 49.36265 49.36265 49.36269 49.36264 29.17648 29.17648 0 14.17578
55.2222 55.222207 55.222207 55.2222 49.36265 49.36265 49.36269 49.36264 29.17648 29.17648 14.17578 0
