0 72.72221 72.72221 72.7222 72.722201 72.722158 72.722168 72.722168 72.722149 72.722149 72.72219 72.72219
72.72221 0 9.45518 63.69077 63.690771 63.690728 63.690738 63.690738 63.690719 63.690719 63.69076 63.69076
72.72221 9.45518 0 63.69077 63.690771 63.690728 63.690738 63.690738 63.690719 63.690719 63.69076 63.69076
72.7222 63.69077 63.69077 0 28.838401 28.838358 28.838368 28.838368 28.838349 28.838349 50.19959 50.19959
72.722201 63.690771 63.690771 28.838401 0 23.311957 23.311967 23.311967 23.66309 23.66309 50.199591 50.199591
72.722158 63.690728 63.690728 28.838358 23.311957 0 22.41281 22.41281 23.663047 23.663047 50.199548 50.199548
72.722168 63.690738 63.690738 28.838368 23.311967 22.41281 0 11.15736 23.663057 23.663057 50.199558 50.199558
72.722168 63.690738 63.690738 28.838368 23.311967 22.41281 11.15736 0 23.663057 23.663057 50.199558 50.199558
72.722149 63.690719 63.690719 28.838349 23.66309 23.663047 23.663057 23.663057 0 1.834438 50.199539 50.199539
72.722149 63.690719 63.690719 28.838349 23.66309 23.663047 23.663057 23.663057 1.834438 0 50.199539 50.199539
72.72219 63.69076 63.69076 50.19959 50.199591 50.199548 50.199558 50.199558 50.199539 50.199539 0 41.9182
72.72219 63.69076 63.69076 50.19959 50.199591 50.199548 50.199558 50.199558 50.199539 50.199539 41.9182 0
