0 64.64286 64.642789 64.642789 64.64279 64.64279 64.642792 64.64282 64.6428 64.64285 64.64285 64.64285
64.64286 0 58.311329 58.311329 58.31133 58.31133 58.311332 58.31136 58.31134 58.31139 58.31139 58.31139
64.642789 58.311329 0 4.14976 5.797739 5.797739 5.797741 38.229369 43.888169 43.888219 43.888219 55.199139
64.642789 58.311329 4.14976 0 5.797739 5.797739 5.797741 38.229369 43.888169 43.888219 43.888219 55.199139
64.64279 58.31133 5.797739 5.797739 0 4.39132 4.599118 38.22937 43.88817 43.88822 43.88822 55.19914
64.64279 58.31133 5.797739 5.797739 4.39132 0 4.599118 38.22937 43.88817 43.88822 43.88822 55.19914
64.642792 58.311332 5.797741 5.797741 4.599118 4.599118 0 38.229372 43.888172 43.888222 43.888222 55.199142
64.64282 58.31136 38.229369 38.229369 38.22937 38.22937 38.229372 0 43.8882 43.88825 43.88825 55.19917
64.6428 58.31134 43.888169 43.888169 43.88817 43.88817 43.888172 43.8882 0 29.29905 29.29905 55.19915
64.64285 58.31139 43.888219 43.888219 43.88822 43.88822 43.888222 43.88825 29.29905 0 4.1519 55.1992
64.64285 58.31139 43.888219 43.888219 43.88822 43.88822 43.888222 43.88825 29.29905 4.1519 0 55.1992
64.64285 58.31139 55.199139 55.199139 55.19914 55.19914 55.199142 55.19917 55.19915 55.1992 55.1992 0
