0 43.789673 43.789653 43.789633 43.789633 43.789623 43.789623 70.128531 70.1285383 70.1285383 70.128551 70.1286
43.789673 0 42.67458 42.67456 42.67456 42.67455 42.67455 70.128604 70.1286113 70.1286113 70.128624 70.128673
43.789653 42.67458 0 32.99698 32.99698 32.99697 32.99697 70.128584 70.1285913 70.1285913 70.128604 70.128653
43.789633 42.67456 32.99698 0 2.94414 16.68547 16.68547 70.128564 70.1285713 70.1285713 70.128584 70.128633
43.789633 42.67456 32.99698 2.94414 0 16.68547 16.68547 70.128564 70.1285713 70.1285713 70.128584 70.128633
43.789623 42.67455 32.99697 16.68547 16.68547 0 9.39404 70.128554 70.1285613 70.1285613 70.128574 70.128623
43.789623 42.67455 32.99697 16.68547 16.68547 9.39404 0 70.128554 70.1285613 70.1285613 70.128574 70.128623
70.128531 70.128604 70.128584 70.128564 70.128564 70.128554 70.128554 0 30.7698073 30.7698073 33.84638 35.470531
70.1285383 70.1286113 70.1285913 70.1285713 70.1285713 70.1285613 70.1285613 30.7698073 0 0.0766146 33.8463873 35.4705383
70.1285383 70.1286113 70.1285913 70.1285713 70.1285713 70.1285613 70.1285613 30.7698073 0.0766146 0 33.8463873 35.4705383
70.128551 70.128624 70.128604 70.128584 70.128584 70.128574 70.128574 33.84638 33.8463873 33.8463873 0 35.470551
70.1286 70.128673 70.128653 70.128633 70.128633 70.128623 70.128623 35.470531 35.4705383 35.4705383 35.470551 0
