0 152.4255 152.42549 152.4254485 152.4254985 152.4254985 152.42542 152.42543 152.42543 152.42547 152.42547 152.42543
152.4255 0 68.12959 68.1295485 68.1295985 68.1295985 68.12952 106.47173 106.47173 106.47177 106.47177 106.47173
152.42549 68.12959 0 37.3513585 37.3514085 37.3514085 51.76887 106.47172 106.47172 106.47176 106.47176 106.47172
152.4254485 68.1295485 37.3513585 0 37.24385 37.24385 51.7688285 106.4716785 106.4716785 106.4717185 106.4717185 106.4716785
152.4254985 68.1295985 37.3514085 37.24385 0 21.0758 51.7688785 106.4717285 106.4717285 106.4717685 106.4717685 106.4717285
152.4254985 68.1295985 37.3514085 37.24385 21.0758 0 51.7688785 106.4717285 106.4717285 106.4717685 106.4717685 106.4717285
152.42542 68.12952 51.76887 51.7688285 51.7688785 51.7688785 0 106.47165 106.47165 106.47169 106.47169 106.47165
152.42543 106.47173 106.47172 106.4716785 106.4717285 106.4717285 106.47165 0 5.23326 78.6027 78.6027 78.60266
152.42543 106.47173 106.47172 106.4716785 106.4717285 106.4717285 106.47165 5.23326 0 78.6027 78.6027 78.60266
152.42547 106.47177 106.47176 106.4717185 106.4717685 106.4717685 106.47169 78.6027 78.6027 0 18.07088 62.69144
152.42547 106.47177 106.47176 106.4717185 106.4717685 106.4717685 106.47169 78.6027 78.6027 18.07088 0 62.69144
152.42543 106.47173 106.47172 106.4716785 106.4717285 106.4717285 106.47165 78.60266 78.60266 62.69144 62.69144 0
