0 31.888569 31.888569 31.88857 52.7308 93.254 93.254 96.06902 96.06899 96.06899 96.069 96.069
31.888569 0 1.630298 18.878179 52.730769 93.253969 93.253969 96.068989 96.068959 96.068959 96.068969 96.068969
31.888569 1.630298 0 18.878179 52.730769 93.253969 93.253969 96.068989 96.068959 96.068959 96.068969 96.068969
31.88857 18.878179 18.878179 0 52.73077 93.25397 93.25397 96.06899 96.06896 96.06896 96.06897 96.06897
52.7308 52.730769 52.730769 52.73077 0 93.254 93.254 96.06902 96.06899 96.06899 96.069 96.069
93.254 93.253969 93.253969 93.25397 93.254 0 49.5462 96.06902 96.06899 96.06899 96.069 96.069
93.254 93.253969 93.253969 93.25397 93.254 49.5462 0 96.06902 96.06899 96.06899 96.069 96.069
96.06902 96.068989 96.068989 96.06899 96.06902 96.06902 96.06902 0 31.83497 31.83497 31.83498 31.83498
96.06899 96.068959 96.068959 96.06896 96.06899 96.06899 96.06899 31.83497 0 5.96634 5.96635 5.96635
96.06899 96.068959 96.068959 96.06896 96.06899 96.06899 96.06899 31.83497 5.96634 0 5.61933 5.61933
96.069 96.068969 96.068969 96.06897 96.069 96.069 96.069 31.83498 5.96635 5.61933 0 2.78056
96.069 96.068969 96.068969 96.06897 96.069 96.069 96.069 31.83498 5.96635 5.61933 2.78056 0
