0 10.36055 10.36055 181.05707 181.05707 181.05708 181.05718 181.05718 181.05708 181.05716 181.05716 181.05716
10.36055 0 3.23952 181.05706 181.05706 181.05707 181.05717 181.05717 181.05707 181.05715 181.05715 181.05715
10.36055 3.23952 0 181.05706 181.05706 181.05707 181.05717 181.05717 181.05707 181.05715 181.05715 181.05715
181.05707 181.05706 181.05706 0 24.6356 32.25039 136.31409 136.31409 136.31399 172.17587 172.17587 172.17587
181.05707 181.05706 181.05706 24.6356 0 32.25039 136.31409 136.31409 136.31399 172.17587 172.17587 172.17587
181.05708 181.05707 181.05707 32.25039 32.25039 0 136.3141 136.3141 136.314 172.17588 172.17588 172.17588
181.05718 181.05717 181.05717 136.31409 136.31409 136.3141 0 20.2206 52.0109 172.17598 172.17598 172.17598
181.05718 181.05717 181.05717 136.31409 136.31409 136.3141 20.2206 0 52.0109 172.17598 172.17598 172.17598
181.05708 181.05707 181.05707 136.31399 136.31399 136.314 52.0109 52.0109 0 172.17588 172.17588 172.17588
181.05716 181.05715 181.05715 172.17587 172.17587 172.17588 172.17598 172.17598 172.17588 0 1.27352 18.20756
181.05716 181.05715 181.05715 172.17587 172.17587 172.17588 172.17598 172.17598 172.17588 1.27352 0 18.20756
181.05716 181.05715 181.05715 172.17587 172.17587 172.17588 172.17598 172.17598 172.17588 18.20756 18.20756 0
