0 8.21084 24.35477 24.35477 117.81528 117.81528 117.81534 117.81534 117.815352 117.815302 117.815302 117.81538
8.21084 0 24.35477 24.35477 117.81528 117.81528 117.81534 117.81534 117.815352 117.815302 117.815302 117.81538
24.35477 24.35477 0 14.64472 117.81529 117.81529 117.81535 117.81535 117.815362 117.815312 117.815312 117.81539
24.35477 24.35477 14.64472 0 117.81529 117.81529 117.81535 117.81535 117.815362 117.815312 117.815312 117.81539
117.81528 117.81528 117.81529 117.81529 0 31.336 75.26786 75.26786 75.267872 75.267822 75.267822 96.8459
117.81528 117.81528 117.81529 117.81529 31.336 0 75.26786 75.26786 75.267872 75.267822 75.267822 96.8459
117.81534 117.81534 117.81535 117.81535 75.26786 75.26786 0 6.19832 39.162532 39.162482 39.162482 96.84596
117.81534 117.81534 117.81535 117.81535 75.26786 75.26786 6.19832 0 39.162532 39.162482 39.162482 96.84596
117.815352 117.815352 117.815362 117.815362 75.267872 75.267872 39.162532 39.162532 0 37.79115 37.79115 96.845972
117.815302 117.815302 117.815312 117.815312 75.267822 75.267822 39.162482 39.162482 37.79115 0 22.95 96.845922
117.815302 117.815302 117.815312 117.815312 75.267822 75.267822 39.162482 39.162482 37.79115 22.95 0 96.845922
117.81538 117.81538 117.81539 117.81539 96.8459 96.8459 96.84596 96.84596 96.845972 96.845922 96.845922 0
