0 1.707978 39.364949 39.364979 39.364979 68.694639 68.694639 68.694609 68.694599 68.694599 68.694589 68.694589
1.707978 0 39.364949 39.364979 39.364979 68.694639 68.694639 68.694609 68.694599 68.694599 68.694589 68.694589
39.364949 39.364949 0 21.31063 21.31063 68.69461 68.69461 68.69458 68.69457 68.69457 68.69456 68.69456
39.364979 39.364979 21.31063 0 4.4844 68.69464 68.69464 68.69461 68.6946 68.6946 68.69459 68.69459
39.364979 39.364979 21.31063 4.4844 0 68.69464 68.69464 68.69461 68.6946 68.6946 68.69459 68.69459
68.694639 68.694639 68.69461 68.69464 68.69464 0 18.63926 39.42903 42.03186 42.03186 42.03185 42.03185
68.694639 68.694639 68.69461 68.69464 68.69464 18.63926 0 39.42903 42.03186 42.03186 42.03185 42.03185
68.694609 68.694609 68.69458 68.69461 68.69461 39.42903 39.42903 0 42.03183 42.03183 42.03182 42.03182
68.694599 68.694599 68.69457 68.6946 68.6946 42.03186 42.03186 42.03183 0 12.19594 34.02953 34.02953
68.694599 68.694599 68.69457 68.6946 68.6946 42.03186 42.03186 42.03183 12.19594 0 34.02953 34.02953
68.694589 68.694589 68.69456 68.69459 68.69459 42.03185 42.03185 42.03182 34.02953 34.02953 0 5.45052
68.694589 68.694589 68.69456 68.69459 68.69459 42.03185 42.03185 42.03182 34.02953 34.02953 5.45052 0
