0 78.97029 78.97029 78.97019 78.970184 78.970184 78.97018 78.970186 78.970186 78.970191 78.970191 78.970191
78.97029 0 27.9624 62.3619 62.361894 62.361894 62.36189 62.361896 62.361896 62.361901 62.361901 62.361901
78.97029 27.9624 0 62.3619 62.361894 62.361894 62.36189 62.361896 62.361896 62.361901 62.361901 62.361901
78.97019 62.3619 62.3619 0 26.061994 26.061994 26.06199 26.061996 26.061996 26.062001 26.062001 26.062001
78.970184 62.361894 62.361894 26.061994 0 0.590748 7.142664 20.51201 20.51201 20.512015 20.512015 20.512015
78.970184 62.361894 62.361894 26.061994 0.590748 0 7.142664 20.51201 20.51201 20.512015 20.512015 20.512015
78.97018 62.36189 62.36189 26.06199 7.142664 7.142664 0 20.512006 20.512006 20.512011 20.512011 20.512011
78.970186 62.361896 62.361896 26.061996 20.51201 20.51201 20.512006 0 1.401452 11.245297 11.245297 11.245297
78.970186 62.361896 62.361896 26.061996 20.51201 20.51201 20.512006 1.401452 0 11.245297 11.245297 11.245297
78.970191 62.361901 62.361901 26.062001 20.512015 20.512015 20.512011 11.245297 11.245297 0 5.26866 11.06648
78.970191 62.361901 62.361901 26.062001 20.512015 20.512015 20.512011 11.245297 11.245297 5.26866 0 11.06648
78.970191 62.361901 62.361901 26.062001 20.512015 20.512015 20.512011 11.245297 11.245297 11.06648 11.06648 0
