0 19.85399 19.85399 19.85399 35.425072 35.425035 35.425035 35.42505 35.42505 67.789114 67.789114 81.21363
19.85399 0 3.9541 11.79818 35.425062 35.425025 35.425025 35.42504 35.42504 67.789104 67.789104 81.21362
19.85399 3.9541 0 11.79818 35.425062 35.425025 35.425025 35.42504 35.42504 67.789104 67.789104 81.21362
19.85399 11.79818 11.79818 0 35.425062 35.425025 35.425025 35.42504 35.42504 67.789104 67.789104 81.21362
35.425072 35.425062 35.425062 35.425062 0 22.057363 22.057363 22.292282 22.292282 67.789126 67.789126 81.213642
35.425035 35.425025 35.425025 35.425025 22.057363 0 20.4862 22.292245 22.292245 67.789089 67.789089 81.213605
35.425035 35.425025 35.425025 35.425025 22.057363 20.4862 0 22.292245 22.292245 67.789089 67.789089 81.213605
35.42505 35.42504 35.42504 35.42504 22.292282 22.292245 22.292245 0 14.66958 67.789104 67.789104 81.21362
35.42505 35.42504 35.42504 35.42504 22.292282 22.292245 22.292245 14.66958 0 67.789104 67.789104 81.21362
67.789114 67.789104 67.789104 67.789104 67.789126 67.789089 67.789089 67.789104 67.789104 0 0.444168 81.213684
67.789114 67.789104 67.789104 67.789104 67.789126 67.789089 67.789089 67.789104 67.789104 0.444168 0 81.213684
81.21363 81.21362 81.21362 81.21362 81.213642 81.213605 81.213605 81.21362 81.21362 81.213684 81.213684 0
