0 15.17842 15.17842 66.61582 66.61581 66.61581 66.61575 66.61575 66.61575 66.61577 66.615769 66.615769
15.17842 0 7.5959 66.61582 66.61581 66.61581 66.61575 66.61575 66.61575 66.61577 66.615769 66.615769
15.17842 7.5959 0 66.61582 66.61581 66.61581 66.61575 66.61575 66.61575 66.61577 66.615769 66.615769
66.61582 66.61582 66.61582 0 14.42379 14.42379 38.58073 38.58073 38.58073 54.54977 54.549769 54.549769
66.61581 66.61581 66.61581 14.42379 0 5.46056 38.58072 38.58072 38.58072 54.54976 54.549759 54.549759
66.61581 66.61581 66.61581 14.42379 5.46056 0 38.58072 38.58072 38.58072 54.54976 54.549759 54.549759
66.61575 66.61575 66.61575 38.58073 38.58072 38.58072 0 4.03476 8.06846 54.5497 54.549699 54.549699
66.61575 66.61575 66.61575 38.58073 38.58072 38.58072 4.03476 0 8.06846 54.5497 54.549699 54.549699
66.61575 66.61575 66.61575 38.58073 38.58072 38.58072 8.06846 8.06846 0 54.5497 54.549699 54.549699
66.61577 66.61577 66.61577 54.54977 54.54976 54.54976 54.5497 54.5497 54.5497 0 5.487919 5.487919
66.615769 66.615769 66.615769 54.549769 54.549759 54.549759 54.549699 54.549699 54.549699 5.487919 0 0.901138
66.615769 66.615769 66.615769 54.549769 54.549759 54.549759 54.549699 54.549699 54.549699 5.487919 0.901138 0
