0 55.34933 55.34935 55.34939 55.34939 55.34943 55.3494165 55.3494165 128.84525 128.845247 128.845247 128.8452
55.34933 0 45.57022 45.57026 45.57026 45.5703 45.5702865 45.5702865 128.84518 128.845177 128.845177 128.84513
55.34935 45.57022 0 22.83164 22.83164 32.8424 32.8423865 32.8423865 128.8452 128.845197 128.845197 128.84515
55.34939 45.57026 22.83164 0 14.4128 32.84244 32.8424265 32.8424265 128.84524 128.845237 128.845237 128.84519
55.34939 45.57026 22.83164 14.4128 0 32.84244 32.8424265 32.8424265 128.84524 128.845237 128.845237 128.84519
55.34943 45.5703 32.8424 32.84244 32.84244 0 28.0091865 28.0091865 128.84528 128.845277 128.845277 128.84523
55.3494165 45.5702865 32.8423865 32.8424265 32.8424265 28.0091865 0 0.122173 128.8452665 128.8452635 128.8452635 128.8452165
55.3494165 45.5702865 32.8423865 32.8424265 32.8424265 28.0091865 0.122173 0 128.8452665 128.8452635 128.8452635 128.8452165
128.84525 128.84518 128.8452 128.84524 128.84524 128.84528 128.8452665 128.8452665 0 6.017497 6.017497 48.76545
128.845247 128.845177 128.845197 128.845237 128.845237 128.845277 128.8452635 128.8452635 6.017497 0 5.4727 48.765447
128.845247 128.845177 128.845197 128.845237 128.845237 128.845277 128.8452635 128.8452635 6.017497 5.4727 0 48.765447
128.8452 128.84513 128.84515 128.84519 128.84519 128.84523 128.8452165 128.8452165 48.76545 48.765447 48.765447 0
