0 5.49434 181.4828 181.482782 181.482782 181.48278 181.48281 181.48277 181.48278 181.48278 181.48277 181.48277
5.49434 0 181.4828 181.482782 181.482782 181.48278 181.48281 181.48277 181.48278 181.48278 181.48277 181.48277
181.4828 181.4828 0 44.594382 44.594382 44.59438 48.99877 48.99873 48.99874 48.99874 48.99873 66.33303
181.482782 181.482782 44.594382 0 0.616104 3.694962 48.998752 48.998712 48.998722 48.998722 48.998712 66.333012
181.482782 181.482782 44.594382 0.616104 0 3.694962 48.998752 48.998712 48.998722 48.998722 48.998712 66.333012
181.48278 181.48278 44.59438 3.694962 3.694962 0 48.99875 48.99871 48.99872 48.99872 48.99871 66.33301
181.48281 181.48281 48.99877 48.998752 48.998752 48.99875 0 29.78816 29.78817 29.78817 29.78816 66.33304
181.48277 181.48277 48.99873 48.998712 48.998712 48.99871 29.78816 0 19.53843 19.53843 19.53842 66.333
181.48278 181.48278 48.99874 48.998722 48.998722 48.99872 29.78817 19.53843 0 3.41036 11.25013 66.33301
181.48278 181.48278 48.99874 48.998722 48.998722 48.99872 29.78817 19.53843 3.41036 0 11.25013 66.33301
181.48277 181.48277 48.99873 48.998712 48.998712 48.99871 29.78816 19.53842 11.25013 11.25013 0 66.333
181.48277 181.48277 66.33303 66.333012 66.333012 66.33301 66.33304 66.333 66.33301 66.33301 66.333 0
