0 9.5008 62.281926 62.281926 73.7044 73.7044 73.70441 104.10152 104.10152 104.10152 104.101522 104.101522
9.5008 0 62.281926 62.281926 73.7044 73.7044 73.70441 104.10152 104.10152 104.10152 104.101522 104.101522
62.281926 62.281926 0 1.241452 73.704326 73.704326 73.704336 104.101446 104.101446 104.101446 104.101448 104.101448
62.281926 62.281926 1.241452 0 73.704326 73.704326 73.704336 104.101446 104.101446 104.101446 104.101448 104.101448
73.7044 73.7044 73.704326 73.704326 0 3.15678 29.69199 104.1015 104.1015 104.1015 104.101502 104.101502
73.7044 73.7044 73.704326 73.704326 3.15678 0 29.69199 104.1015 104.1015 104.1015 104.101502 104.101502
73.70441 73.70441 73.704336 73.704336 29.69199 29.69199 0 104.10151 104.10151 104.10151 104.101512 104.101512
104.10152 104.10152 104.101446 104.101446 104.1015 104.1015 104.10151 0 19.12496 29.20642 29.206422 29.206422
104.10152 104.10152 104.101446 104.101446 104.1015 104.1015 104.10151 19.12496 0 29.20642 29.206422 29.206422
104.10152 104.10152 104.101446 104.101446 104.1015 104.1015 104.10151 29.20642 29.20642 0 12.252702 12.252702
104.101522 104.101522 104.101448 104.101448 104.101502 104.101502 104.101512 29.206422 29.206422 12.252702 0 10.72812
104.101522 104.101522 104.101448 104.101448 104.101502 104.101502 104.101512 29.206422 29.206422 12.252702 10.72812 0
