0 0.134577 13.1027085 145.0196885 145.0196585 145.0196585 145.0196545 145.0196545 145.0196885 145.0196885 145.0196985 145.0196985
0.134577 0 13.1027085 145.0196885 145.0196585 145.0196585 145.0196545 145.0196545 145.0196885 145.0196885 145.0196985 145.0196985
13.1027085 13.1027085 0 145.01968 145.01965 145.01965 145.019646 145.019646 145.01968 145.01968 145.01969 145.01969
145.0196885 145.0196885 145.01968 0 24.35517 24.35517 24.355166 24.355166 61.4044 131.7584 131.75841 131.75841
145.0196585 145.0196585 145.01965 24.35517 0 2.37198 11.244156 11.244156 61.40437 131.75837 131.75838 131.75838
145.0196585 145.0196585 145.01965 24.35517 2.37198 0 11.244156 11.244156 61.40437 131.75837 131.75838 131.75838
145.0196545 145.0196545 145.019646 24.355166 11.244156 11.244156 0 0.235712 61.404366 131.758366 131.758376 131.758376
145.0196545 145.0196545 145.019646 24.355166 11.244156 11.244156 0.235712 0 61.404366 131.758366 131.758376 131.758376
145.0196885 145.0196885 145.01968 61.4044 61.40437 61.40437 61.404366 61.404366 0 131.7584 131.75841 131.75841
145.0196885 145.0196885 145.01968 131.7584 131.75837 131.75837 131.758366 131.758366 131.7584 0 32.13281 32.13281
145.0196985 145.0196985 145.01969 131.75841 131.75838 131.75838 131.758376 131.758376 131.75841 32.13281 0 22.2758
145.0196985 145.0196985 145.01969 131.75841 131.75838 131.75838 131.758376 131.758376 131.75841 32.13281 22.2758 0
