0 1.51419 72.667575 72.667575 72.667575 72.667605 72.667605 72.667595 109.961095 109.961085 109.961135 109.961135
1.51419 0 72.667575 72.667575 72.667575 72.667605 72.667605 72.667595 109.961095 109.961085 109.961135 109.961135
72.667575 72.667575 0 40.4472 40.4472 56.66851 56.66851 56.6685 109.96108 109.96107 109.96112 109.96112
72.667575 72.667575 40.4472 0 28.785 56.66851 56.66851 56.6685 109.96108 109.96107 109.96112 109.96112
72.667575 72.667575 40.4472 28.785 0 56.66851 56.66851 56.6685 109.96108 109.96107 109.96112 109.96112
72.667605 72.667605 56.66851 56.66851 56.66851 0 6.77188 18.23233 109.96111 109.9611 109.96115 109.96115
72.667605 72.667605 56.66851 56.66851 56.66851 6.77188 0 18.23233 109.96111 109.9611 109.96115 109.96115
72.667595 72.667595 56.6685 56.6685 56.6685 18.23233 18.23233 0 109.9611 109.96109 109.96114 109.96114
109.961095 109.961095 109.96108 109.96108 109.96108 109.96111 109.96111 109.9611 0 77.21819 77.21824 77.21824
109.961085 109.961085 109.96107 109.96107 109.96107 109.9611 109.9611 109.96109 77.21819 0 61.08045 61.08045
109.961135 109.961135 109.96112 109.96112 109.96112 109.96115 109.96115 109.96114 77.21824 61.08045 0 56.9524
109.961135 109.961135 109.96112 109.96112 109.96112 109.96115 109.96115 109.96114 77.21824 61.08045 56.9524 0
