0 23.8972 35.06743 41.49921 41.49921 53.557141 53.557141 53.55717 53.55717 53.55717 59.79497 59.79497
23.8972 0 35.06743 41.49921 41.49921 53.557141 53.557141 53.55717 53.55717 53.55717 59.79497 59.79497
35.06743 35.06743 0 41.49918 41.49918 53.557111 53.557111 53.55714 53.55714 53.55714 59.79494 59.79494
41.49921 41.49921 41.49918 0 10.97014 53.557071 53.557071 53.5571 53.5571 53.5571 59.7949 59.7949
41.49921 41.49921 41.49918 10.97014 0 53.557071 53.557071 53.5571 53.5571 53.5571 59.7949 59.7949
53.557141 53.557141 53.557111 53.557071 53.557071 0 1.362062 34.573891 34.573891 41.104971 59.794911 59.794911
53.557141 53.557141 53.557111 53.557071 53.557071 1.362062 0 34.573891 34.573891 41.104971 59.794911 59.794911
53.55717 53.55717 53.55714 53.5571 53.5571 34.573891 34.573891 0 17.69532 41.105 59.79494 59.79494
53.55717 53.55717 53.55714 53.5571 53.5571 34.573891 34.573891 17.69532 0 41.105 59.79494 59.79494
53.55717 53.55717 53.55714 53.5571 53.5571 41.104971 41.104971 41.105 41.105 0 59.79494 59.79494
59.79497 59.79497 59.79494 59.7949 59.7949 59.794911 59.794911 59.79494 59.79494 59.79494 0 15.27574
59.79497 59.79497 59.79494 59.7949 59.7949 59.794911 59.794911 59.79494 59.79494 59.79494 15.27574 0
