0 160.95549 160.95549 160.95549 160.955496 160.955496 160.95548 160.95548 160.95547 160.95548 160.9554 160.9554
160.95549 0 6.08528 19.48478 19.484786 19.484786 51.53437 51.53437 51.53436 51.53437 127.68229 127.68229
160.95549 6.08528 0 19.48478 19.484786 19.484786 51.53437 51.53437 51.53436 51.53437 127.68229 127.68229
160.95549 19.48478 19.48478 0 10.803286 10.803286 51.53437 51.53437 51.53436 51.53437 127.68229 127.68229
160.955496 19.484786 19.484786 10.803286 0 1.110292 51.534376 51.534376 51.534366 51.534376 127.682296 127.682296
160.955496 19.484786 19.484786 10.803286 1.110292 0 51.534376 51.534376 51.534366 51.534376 127.682296 127.682296
160.95548 51.53437 51.53437 51.53437 51.534376 51.534376 0 5.77764 10.94919 44.4958 127.68228 127.68228
160.95548 51.53437 51.53437 51.53437 51.534376 51.534376 5.77764 0 10.94919 44.4958 127.68228 127.68228
160.95547 51.53436 51.53436 51.53436 51.534366 51.534366 10.94919 10.94919 0 44.49579 127.68227 127.68227
160.95548 51.53437 51.53437 51.53437 51.534376 51.534376 44.4958 44.4958 44.49579 0 127.68228 127.68228
160.9554 127.68229 127.68229 127.68229 127.682296 127.682296 127.68228 127.68228 127.68227 127.68228 0 36.2992
160.9554 127.68229 127.68229 127.68229 127.682296 127.682296 127.68228 127.68228 127.68227 127.68228 36.2992 0
