0 4.11084 21.72441 21.72441 21.7244124 21.7244124 21.72441 52.21131 52.21131 59.41577 59.41577 59.41577
4.11084 0 21.72441 21.72441 21.7244124 21.7244124 21.72441 52.21131 52.21131 59.41577 59.41577 59.41577
21.72441 21.72441 0 2.08816 14.6039824 14.6039824 14.60398 52.2113 52.2113 59.41576 59.41576 59.41576
21.72441 21.72441 2.08816 0 14.6039824 14.6039824 14.60398 52.2113 52.2113 59.41576 59.41576 59.41576
21.7244124 21.7244124 14.6039824 14.6039824 0 0.1585848 5.1852624 52.2113024 52.2113024 59.4157624 59.4157624 59.4157624
21.7244124 21.7244124 14.6039824 14.6039824 0.1585848 0 5.1852624 52.2113024 52.2113024 59.4157624 59.4157624 59.4157624
21.72441 21.72441 14.60398 14.60398 5.1852624 5.1852624 0 52.2113 52.2113 59.41576 59.41576 59.41576
52.21131 52.21131 52.2113 52.2113 52.2113024 52.2113024 52.2113 0 27.9956 59.41586 59.41586 59.41586
52.21131 52.21131 52.2113 52.2113 52.2113024 52.2113024 52.2113 27.9956 0 59.41586 59.41586 59.41586
59.41577 59.41577 59.41576 59.41576 59.4157624 59.4157624 59.41576 59.41586 59.41586 0 4.7806 49.6378
59.41577 59.41577 59.41576 59.41576 59.4157624 59.4157624 59.41576 59.41586 59.41586 4.7806 0 49.6378
59.41577 59.41577 59.41576 59.41576 59.4157624 59.4157624 59.41576 59.41586 59.41586 49.6378 49.6378 0
