0 6.38894 105.487878 105.487878 105.487878 105.487828 105.487854 105.487854 105.48788 105.487877 105.487877 105.48787
6.38894 0 105.487878 105.487878 105.487878 105.487828 105.487854 105.487854 105.48788 105.487877 105.487877 105.48787
105.487878 105.487878 0 29.4448 29.4448 29.44475 29.782332 29.782332 39.132418 39.132415 39.132415 39.132408
105.487878 105.487878 29.4448 0 6.44266 20.71765 29.782332 29.782332 39.132418 39.132415 39.132415 39.132408
105.487878 105.487878 29.4448 6.44266 0 20.71765 29.782332 29.782332 39.132418 39.132415 39.132415 39.132408
105.487828 105.487828 29.44475 20.71765 20.71765 0 29.782282 29.782282 39.132368 39.132365 39.132365 39.132358
105.487854 105.487854 29.782332 29.782332 29.782332 29.782282 0 0.738708 39.132394 39.132391 39.132391 39.132384
105.487854 105.487854 29.782332 29.782332 29.782332 29.782282 0.738708 0 39.132394 39.132391 39.132391 39.132384
105.48788 105.48788 39.132418 39.132418 39.132418 39.132368 39.132394 39.132394 0 15.966817 15.966817 15.96681
105.487877 105.487877 39.132415 39.132415 39.132415 39.132365 39.132391 39.132391 15.966817 0 7.38888 8.322807
105.487877 105.487877 39.132415 39.132415 39.132415 39.132365 39.132391 39.132391 15.966817 7.38888 0 8.322807
105.48787 105.48787 39.132408 39.132408 39.132408 39.132358 39.132384 39.132384 15.96681 8.322807 8.322807 0
