0 35.552 113.18036 113.18037 113.18036 113.1803494 113.1803494 113.18036 113.18037 113.18037 113.18039 113.18039
35.552 0 113.18036 113.18037 113.18036 113.1803494 113.1803494 113.18036 113.18037 113.18037 113.18039 113.18039
113.18036 113.18036 0 39.02361 39.0236 39.0235894 39.0235894 101.8574 101.85741 101.85741 101.85743 101.85743
113.18037 113.18037 39.02361 0 31.37859 31.3785794 31.3785794 101.85741 101.85742 101.85742 101.85744 101.85744
113.18036 113.18036 39.0236 31.37859 0 25.2185894 25.2185894 101.8574 101.85741 101.85741 101.85743 101.85743
113.1803494 113.1803494 39.0235894 31.3785794 25.2185894 0 0.0805788 101.8573894 101.8573994 101.8573994 101.8574194 101.8574194
113.1803494 113.1803494 39.0235894 31.3785794 25.2185894 0.0805788 0 101.8573894 101.8573994 101.8573994 101.8574194 101.8574194
113.18036 113.18036 101.8574 101.85741 101.8574 101.8573894 101.8573894 0 28.47241 28.47241 53.03503 53.03503
113.18037 113.18037 101.85741 101.85742 101.85741 101.8573994 101.8573994 28.47241 0 9.95338 53.03504 53.03504
113.18037 113.18037 101.85741 101.85742 101.85741 101.8573994 101.8573994 28.47241 9.95338 0 53.03504 53.03504
113.18039 113.18039 101.85743 101.85744 101.85743 101.8574194 101.8574194 53.03503 53.03504 53.03504 0 35.7564
113.18039 113.18039 101.85743 101.85744 101.85743 101.8574194 101.8574194 53.03503 53.03504 53.03504 35.7564 0
