0 25.88201 25.88201 41.439071 41.439071 45.82291 45.82291 45.8229 45.82286 45.82291 45.82291 51.52842
25.88201 0 14.87632 41.439081 41.439081 45.82292 45.82292 45.82291 45.82287 45.82292 45.82292 51.52843
25.88201 14.87632 0 41.439081 41.439081 45.82292 45.82292 45.82291 45.82287 45.82292 45.82292 51.52843
41.439071 41.439081 41.439081 0 41.0652 45.822961 45.822961 45.822951 45.822911 45.822961 45.822961 51.528471
41.439071 41.439081 41.439081 41.0652 0 45.822961 45.822961 45.822951 45.822911 45.822961 45.822961 51.528471
45.82291 45.82292 45.82292 45.822961 45.822961 0 10.23656 12.45267 30.92505 36.96546 36.96546 51.52843
45.82291 45.82292 45.82292 45.822961 45.822961 10.23656 0 12.45267 30.92505 36.96546 36.96546 51.52843
45.8229 45.82291 45.82291 45.822951 45.822951 12.45267 12.45267 0 30.92504 36.96545 36.96545 51.52842
45.82286 45.82287 45.82287 45.822911 45.822911 30.92505 30.92505 30.92504 0 36.96541 36.96541 51.52838
45.82291 45.82292 45.82292 45.822961 45.822961 36.96546 36.96546 36.96545 36.96541 0 23.4444 51.52843
45.82291 45.82292 45.82292 45.822961 45.822961 36.96546 36.96546 36.96545 36.96541 23.4444 0 51.52843
51.52842 51.52843 51.52843 51.528471 51.528471 51.52843 51.52843 51.52842 51.52838 51.52843 51.52843 0
