0 90.07342 90.07342 90.073364 90.073344 90.073344 126.171 126.171 126.171 126.1710024 126.1710024 126.171
90.07342 0 12.07344 38.936784 38.936764 38.936764 126.17102 126.17102 126.17102 126.1710224 126.1710224 126.17102
90.07342 12.07344 0 38.936784 38.936764 38.936764 126.17102 126.17102 126.17102 126.1710224 126.1710224 126.17102
90.073364 38.936784 38.936784 0 38.53458 38.53458 126.170964 126.170964 126.170964 126.1709664 126.1709664 126.170964
90.073344 38.936764 38.936764 38.53458 0 20.126 126.170944 126.170944 126.170944 126.1709464 126.1709464 126.170944
90.073344 38.936764 38.936764 38.53458 20.126 0 126.170944 126.170944 126.170944 126.1709464 126.1709464 126.170944
126.171 126.17102 126.17102 126.170964 126.170944 126.170944 0 19.4392 19.4392 19.4392024 19.4392024 53.498
126.171 126.17102 126.17102 126.170964 126.170944 126.170944 19.4392 0 2.43604 5.9745624 5.9745624 53.498
126.171 126.17102 126.17102 126.170964 126.170944 126.170944 19.4392 2.43604 0 5.9745624 5.9745624 53.498
126.1710024 126.1710224 126.1710224 126.1709664 126.1709464 126.1709464 19.4392024 5.9745624 5.9745624 0 0.1316048 53.4980024
126.1710024 126.1710224 126.1710224 126.1709664 126.1709464 126.1709464 19.4392024 5.9745624 5.9745624 0.1316048 0 53.4980024
126.171 126.17102 126.17102 126.170964 126.170944 126.170944 53.498 53.498 53.498 53.4980024 53.4980024 0
