0 15.307579 15.307589 15.307589 16.754498 16.754498 16.754498 29.886628 45.203688 45.203688 45.203688 45.203688
15.307579 0 14.47729 14.47729 16.754497 16.754497 16.754497 29.886627 45.203687 45.203687 45.203687 45.203687
15.307589 14.47729 0 8.97784 16.754507 16.754507 16.754507 29.886637 45.203697 45.203697 45.203697 45.203697
15.307589 14.47729 8.97784 0 16.754507 16.754507 16.754507 29.886637 45.203697 45.203697 45.203697 45.203697
16.754498 16.754497 16.754507 16.754507 0 10.7468 15.64342 29.88663 45.20369 45.20369 45.20369 45.20369
16.754498 16.754497 16.754507 16.754507 10.7468 0 15.64342 29.88663 45.20369 45.20369 45.20369 45.20369
16.754498 16.754497 16.754507 16.754507 15.64342 15.64342 0 29.88663 45.20369 45.20369 45.20369 45.20369
29.886628 29.886627 29.886637 29.886637 29.88663 29.88663 29.88663 0 45.20366 45.20366 45.20366 45.20366
45.203688 45.203687 45.203697 45.203697 45.20369 45.20369 45.20369 45.20366 0 5.66004 13.99772 13.99772
45.203688 45.203687 45.203697 45.203697 45.20369 45.20369 45.20369 45.20366 5.66004 0 13.99772 13.99772
45.203688 45.203687 45.203697 45.203697 45.20369 45.20369 45.20369 45.20366 13.99772 13.99772 0 11.49762
45.203688 45.203687 45.203697 45.203697 45.20369 45.20369 45.20369 45.20366 13.99772 13.99772 11.49762 0
