0 0.1965876 69.3995738 69.3995738 70.0734908 70.0734908 106.0786908 106.0786808 106.0786808 106.0786738 106.0786738 106.0786908
0.1965876 0 69.3995738 69.3995738 70.0734908 70.0734908 106.0786908 106.0786808 106.0786808 106.0786738 106.0786738 106.0786908
69.3995738 69.3995738 0 7.36916 70.073477 70.073477 106.078677 106.078667 106.078667 106.07866 106.07866 106.078677
69.3995738 69.3995738 7.36916 0 70.073477 70.073477 106.078677 106.078667 106.078667 106.07866 106.07866 106.078677
70.0734908 70.0734908 70.073477 70.073477 0 46.5392 106.0786 106.07859 106.07859 106.078583 106.078583 106.0786
70.0734908 70.0734908 70.073477 70.073477 46.5392 0 106.0786 106.07859 106.07859 106.078583 106.078583 106.0786
106.0786908 106.0786908 106.078677 106.078677 106.0786 106.0786 0 23.34179 23.34179 23.341783 23.341783 79.7122
106.0786808 106.0786808 106.078667 106.078667 106.07859 106.07859 23.34179 0 7.9905 11.183913 11.183913 79.71219
106.0786808 106.0786808 106.078667 106.078667 106.07859 106.07859 23.34179 7.9905 0 11.183913 11.183913 79.71219
106.0786738 106.0786738 106.07866 106.07866 106.078583 106.078583 23.341783 11.183913 11.183913 0 0.491806 79.712183
106.0786738 106.0786738 106.07866 106.07866 106.078583 106.078583 23.341783 11.183913 11.183913 0.491806 0 79.712183
106.0786908 106.0786908 106.078677 106.078677 106.0786 106.0786 79.7122 79.71219 79.71219 79.712183 79.712183 0
