0 37.5928 72.10342 72.10342 72.10342 72.10339 72.10339 72.10334 72.10334 109.844555 109.844555 109.8446
37.5928 0 72.10342 72.10342 72.10342 72.10339 72.10339 72.10334 72.10334 109.844555 109.844555 109.8446
72.10342 72.10342 0 12.53546 12.53546 28.54821 28.54821 55.68876 55.68876 109.844575 109.844575 109.84462
72.10342 72.10342 12.53546 0 3.5878 28.54821 28.54821 55.68876 55.68876 109.844575 109.844575 109.84462
72.10342 72.10342 12.53546 3.5878 0 28.54821 28.54821 55.68876 55.68876 109.844575 109.844575 109.84462
72.10339 72.10339 28.54821 28.54821 28.54821 0 2.21398 55.68873 55.68873 109.844545 109.844545 109.84459
72.10339 72.10339 28.54821 28.54821 28.54821 2.21398 0 55.68873 55.68873 109.844545 109.844545 109.84459
72.10334 72.10334 55.68876 55.68876 55.68876 55.68873 55.68873 0 47.7668 109.844495 109.844495 109.84454
72.10334 72.10334 55.68876 55.68876 55.68876 55.68873 55.68873 47.7668 0 109.844495 109.844495 109.84454
109.844555 109.844555 109.844575 109.844575 109.844575 109.844545 109.844545 109.844495 109.844495 0 0.93671 38.657755
109.844555 109.844555 109.844575 109.844575 109.844575 109.844545 109.844545 109.844495 109.844495 0.93671 0 38.657755
109.8446 109.8446 109.84462 109.84462 109.84462 109.84459 109.84459 109.84454 109.84454 38.657755 38.657755 0
