0 43.0564 70.880998 70.881068 70.881068 70.881078 78.47603 78.47603 78.47605 78.47602 78.47602 78.476
43.0564 0 70.880998 70.881068 70.881068 70.881078 78.47603 78.47603 78.47605 78.47602 78.47602 78.476
70.880998 70.880998 0 70.48727 70.48727 70.48728 78.476028 78.476028 78.476048 78.476018 78.476018 78.475998
70.881068 70.881068 70.48727 0 46.117 59.71759 78.476098 78.476098 78.476118 78.476088 78.476088 78.476068
70.881068 70.881068 70.48727 46.117 0 59.71759 78.476098 78.476098 78.476118 78.476088 78.476088 78.476068
70.881078 70.881078 70.48728 59.71759 59.71759 0 78.476108 78.476108 78.476128 78.476098 78.476098 78.476078
78.47603 78.47603 78.476028 78.476098 78.476098 78.476108 0 24.4262 32.90298 49.75013 49.75013 49.75011
78.47603 78.47603 78.476028 78.476098 78.476098 78.476108 24.4262 0 32.90298 49.75013 49.75013 49.75011
78.47605 78.47605 78.476048 78.476118 78.476118 78.476128 32.90298 32.90298 0 49.75015 49.75015 49.75013
78.47602 78.47602 78.476018 78.476088 78.476088 78.476098 49.75013 49.75013 49.75015 0 8.95864 38.43922
78.47602 78.47602 78.476018 78.476088 78.476088 78.476098 49.75013 49.75013 49.75015 8.95864 0 38.43922
78.476 78.476 78.475998 78.476068 78.476068 78.476078 49.75011 49.75011 49.75013 38.43922 38.43922 0
