0 82.2764533 82.2764333 82.2764333 82.2764413 82.2764413 82.2764443 82.2764443 82.2764333 82.2763933 82.2763933 82.27645
82.2764533 0 23.85038 23.85038 23.850388 23.850388 23.850391 23.850391 23.85038 76.71514 76.71514 76.7816033
82.2764333 23.85038 0 10.46044 10.460448 10.460448 12.053569 12.053569 13.50244 76.71512 76.71512 76.7815833
82.2764333 23.85038 10.46044 0 7.895488 7.895488 12.053569 12.053569 13.50244 76.71512 76.71512 76.7815833
82.2764413 23.850388 10.460448 7.895488 0 0.625256 12.053577 12.053577 13.502448 76.715128 76.715128 76.7815913
82.2764413 23.850388 10.460448 7.895488 0.625256 0 12.053577 12.053577 13.502448 76.715128 76.715128 76.7815913
82.2764443 23.850391 12.053569 12.053569 12.053577 12.053577 0 6.75908 13.502451 76.715131 76.715131 76.7815943
82.2764443 23.850391 12.053569 12.053569 12.053577 12.053577 6.75908 0 13.502451 76.715131 76.715131 76.7815943
82.2764333 23.85038 13.50244 13.50244 13.502448 13.502448 13.502451 13.502451 0 76.71512 76.71512 76.7815833
82.2763933 76.71514 76.71512 76.71512 76.715128 76.715128 76.715131 76.715131 76.71512 0 5.25448 76.7815433
82.2763933 76.71514 76.71512 76.71512 76.715128 76.715128 76.715131 76.715131 76.71512 5.25448 0 76.7815433
82.27645 76.7816033 76.7815833 76.7815833 76.7815913 76.7815913 76.7815943 76.7815943 76.7815833 76.7815433 76.7815433 0
