0 124.0421 124.0421 124.04214 124.04214 200.779 200.779021 200.778941 200.778941 200.77899 200.7789911 200.7789911
124.0421 0 60.837 60.83704 60.83704 200.7789 200.778921 200.778841 200.778841 200.77889 200.7788911 200.7788911
124.0421 60.837 0 31.80944 31.80944 200.7789 200.778921 200.778841 200.778841 200.77889 200.7788911 200.7788911
124.04214 60.83704 31.80944 0 28.6214 200.77894 200.778961 200.778881 200.778881 200.77893 200.7789311 200.7789311
124.04214 60.83704 31.80944 28.6214 0 200.77894 200.778961 200.778881 200.778881 200.77893 200.7789311 200.7789311
200.779 200.7789 200.7789 200.77894 200.77894 0 98.371821 98.371741 98.371741 98.37179 98.3717911 98.3717911
200.779021 200.778921 200.778921 200.778961 200.778961 98.371821 0 22.08512 22.08512 23.460811 23.4608121 23.4608121
200.778941 200.778841 200.778841 200.778881 200.778881 98.371741 22.08512 0 1.43824 23.460731 23.4607321 23.4607321
200.778941 200.778841 200.778841 200.778881 200.778881 98.371741 22.08512 1.43824 0 23.460731 23.4607321 23.4607321
200.77899 200.77889 200.77889 200.77893 200.77893 98.37179 23.460811 23.460731 23.460731 0 6.9939411 6.9939411
200.7789911 200.7788911 200.7788911 200.7789311 200.7789311 98.3717911 23.4608121 23.4607321 23.4607321 6.9939411 0 0.0252022
200.7789911 200.7788911 200.7788911 200.7789311 200.7789311 98.3717911 23.4608121 23.4607321 23.4607321 6.9939411 0.0252022 0
