0 57.941374 57.941374 57.94137 136.52696 136.52696 136.52696 136.52697 136.52697 136.52701 136.52701 136.527
57.941374 0 0.497748 14.840344 136.526934 136.526934 136.526934 136.526944 136.526944 136.526984 136.526984 136.526974
57.941374 0.497748 0 14.840344 136.526934 136.526934 136.526934 136.526944 136.526944 136.526984 136.526984 136.526974
57.94137 14.840344 14.840344 0 136.52693 136.52693 136.52693 136.52694 136.52694 136.52698 136.52698 136.52697
136.52696 136.526934 136.526934 136.52693 0 5.23356 8.39152 32.93713 32.93713 106.66097 106.66097 106.66096
136.52696 136.526934 136.526934 136.52693 5.23356 0 8.39152 32.93713 32.93713 106.66097 106.66097 106.66096
136.52696 136.526934 136.526934 136.52693 8.39152 8.39152 0 32.93713 32.93713 106.66097 106.66097 106.66096
136.52697 136.526944 136.526944 136.52694 32.93713 32.93713 32.93713 0 14.65018 106.66098 106.66098 106.66097
136.52697 136.526944 136.526944 136.52694 32.93713 32.93713 32.93713 14.65018 0 106.66098 106.66098 106.66097
136.52701 136.526984 136.526984 136.52698 106.66097 106.66097 106.66097 106.66098 106.66098 0 10.78922 75.95821
136.52701 136.526984 136.526984 136.52698 106.66097 106.66097 106.66097 106.66098 106.66098 10.78922 0 75.95821
136.527 136.526974 136.526974 136.52697 106.66096 106.66096 106.66096 106.66097 106.66097 75.95821 75.95821 0
