0 186.528 256.30746 256.30746 256.30746 256.30744 256.30744 256.30756 256.30756 256.30756 256.30756 256.30756
186.528 0 256.30746 256.30746 256.30746 256.30744 256.30744 256.30756 256.30756 256.30756 256.30756 256.30756
256.30746 256.30746 0 19.83718 19.83718 29.82558 29.82558 246.0317 246.0317 246.0317 246.0317 246.0317
256.30746 256.30746 19.83718 0 9.3729 29.82558 29.82558 246.0317 246.0317 246.0317 246.0317 246.0317
256.30746 256.30746 19.83718 9.3729 0 29.82558 29.82558 246.0317 246.0317 246.0317 246.0317 246.0317
256.30744 256.30744 29.82558 29.82558 29.82558 0 3.18656 246.03168 246.03168 246.03168 246.03168 246.03168
256.30744 256.30744 29.82558 29.82558 29.82558 3.18656 0 246.03168 246.03168 246.03168 246.03168 246.03168
256.30756 256.30756 246.0317 246.0317 246.0317 246.03168 246.03168 0 18.1194 51.36 51.36 78.8992
256.30756 256.30756 246.0317 246.0317 246.0317 246.03168 246.03168 18.1194 0 51.36 51.36 78.8992
256.30756 256.30756 246.0317 246.0317 246.0317 246.03168 246.03168 51.36 51.36 0 26.5864 78.8992
256.30756 256.30756 246.0317 246.0317 246.0317 246.03168 246.03168 51.36 51.36 26.5864 0 78.8992
256.30756 256.30756 246.0317 246.0317 246.0317 246.03168 246.03168 78.8992 78.8992 78.8992 78.8992 0
