0 78.482 78.482 78.482 78.482 78.481997 78.481997 78.482 78.482 78.48198 78.48198 123.1024
78.482 0 8.75522 24.3428 31.60006 31.600057 31.600057 31.60006 50.8798 50.87978 50.87978 123.1024
78.482 8.75522 0 24.3428 31.60006 31.600057 31.600057 31.60006 50.8798 50.87978 50.87978 123.1024
78.482 24.3428 24.3428 0 31.60006 31.600057 31.600057 31.60006 50.8798 50.87978 50.87978 123.1024
78.482 31.60006 31.60006 31.60006 0 2.665997 2.665997 10.85526 50.8798 50.87978 50.87978 123.1024
78.481997 31.600057 31.600057 31.600057 2.665997 0 0.251494 10.855257 50.879797 50.879777 50.879777 123.102397
78.481997 31.600057 31.600057 31.600057 2.665997 0.251494 0 10.855257 50.879797 50.879777 50.879777 123.102397
78.482 31.60006 31.60006 31.60006 10.85526 10.855257 10.855257 0 50.8798 50.87978 50.87978 123.1024
78.482 50.8798 50.8798 50.8798 50.8798 50.879797 50.879797 50.8798 0 47.27578 47.27578 123.1024
78.48198 50.87978 50.87978 50.87978 50.87978 50.879777 50.879777 50.87978 47.27578 0 35.7898 123.10238
78.48198 50.87978 50.87978 50.87978 50.87978 50.879777 50.879777 50.87978 47.27578 35.7898 0 123.10238
123.1024 123.1024 123.1024 123.1024 123.1024 123.102397 123.102397 123.1024 123.1024 123.10238 123.10238 0
