0 6.37332 38.8529287 38.8529287 38.8529 60.28996 76.81077 76.81077 76.81081 76.81081 76.810815 76.810815
6.37332 0 38.8529287 38.8529287 38.8529 60.28996 76.81077 76.81077 76.81081 76.81081 76.810815 76.810815
38.8529287 38.8529287 0 0.1428574 25.1020287 60.2899687 76.8107787 76.8107787 76.8108187 76.8108187 76.8108237 76.8108237
38.8529287 38.8529287 0.1428574 0 25.1020287 60.2899687 76.8107787 76.8107787 76.8108187 76.8108187 76.8108237 76.8108237
38.8529 38.8529 25.1020287 25.1020287 0 60.28994 76.81075 76.81075 76.81079 76.81079 76.810795 76.810795
60.28996 60.28996 60.2899687 60.2899687 60.28994 0 76.81081 76.81081 76.81085 76.81085 76.810855 76.810855
76.81077 76.81077 76.8107787 76.8107787 76.81075 76.81081 0 18.23284 72.04728 72.04728 72.047285 72.047285
76.81077 76.81077 76.8107787 76.8107787 76.81075 76.81081 18.23284 0 72.04728 72.04728 72.047285 72.047285
76.81081 76.81081 76.8108187 76.8108187 76.81079 76.81085 72.04728 72.04728 0 11.65152 11.651525 11.651525
76.81081 76.81081 76.8108187 76.8108187 76.81079 76.81085 72.04728 72.04728 11.65152 0 5.358185 5.358185
76.810815 76.810815 76.8108237 76.8108237 76.810795 76.810855 72.047285 72.047285 11.651525 5.358185 0 0.93441
76.810815 76.810815 76.8108237 76.8108237 76.810795 76.810855 72.047285 72.047285 11.651525 5.358185 0.93441 0
