0 34.27801 34.278 34.278 34.27799 157.87332 157.87332 157.87332 157.87332 157.87337 157.87332 157.87332
34.27801 0 22.81359 22.81359 22.81358 157.87333 157.87333 157.87333 157.87333 157.87338 157.87333 157.87333
34.278 22.81359 0 8.04614 17.86067 157.87332 157.87332 157.87332 157.87332 157.87337 157.87332 157.87332
34.278 22.81359 8.04614 0 17.86067 157.87332 157.87332 157.87332 157.87332 157.87337 157.87332 157.87332
34.27799 22.81358 17.86067 17.86067 0 157.87331 157.87331 157.87331 157.87331 157.87336 157.87331 157.87331
157.87332 157.87333 157.87332 157.87332 157.87331 0 3.52296 6.10944 64.99444 64.99449 64.99444 64.99444
157.87332 157.87333 157.87332 157.87332 157.87331 3.52296 0 6.10944 64.99444 64.99449 64.99444 64.99444
157.87332 157.87333 157.87332 157.87332 157.87331 6.10944 6.10944 0 64.99444 64.99449 64.99444 64.99444
157.87332 157.87333 157.87332 157.87332 157.87331 64.99444 64.99444 64.99444 0 53.98245 53.9824 53.9824
157.87337 157.87338 157.87337 157.87337 157.87336 64.99449 64.99449 64.99449 53.98245 0 36.00315 36.00315
157.87332 157.87333 157.87332 157.87332 157.87331 64.99444 64.99444 64.99444 53.9824 36.00315 0 31.614
157.87332 157.87333 157.87332 157.87332 157.87331 64.99444 64.99444 64.99444 53.9824 36.00315 31.614 0
