0 16.62246 106.14884 106.14884 106.14883 217.9849422 217.9849422 217.9849 217.9849 217.9849 217.98493 217.98493
16.62246 0 106.14884 106.14884 106.14883 217.9849422 217.9849422 217.9849 217.9849 217.9849 217.98493 217.98493
106.14884 106.14884 0 5.77242 40.61301 217.9849222 217.9849222 217.98488 217.98488 217.98488 217.98491 217.98491
106.14884 106.14884 5.77242 0 40.61301 217.9849222 217.9849222 217.98488 217.98488 217.98488 217.98491 217.98491
106.14883 106.14883 40.61301 40.61301 0 217.9849122 217.9849122 217.98487 217.98487 217.98487 217.9849 217.9849
217.9849422 217.9849422 217.9849222 217.9849222 217.9849122 0 0.0700244 51.6323822 51.6323822 51.6323822 183.8170122 183.8170122
217.9849422 217.9849422 217.9849222 217.9849222 217.9849122 0.0700244 0 51.6323822 51.6323822 51.6323822 183.8170122 183.8170122
217.9849 217.9849 217.98488 217.98488 217.98487 51.6323822 51.6323822 0 3.0115 3.61814 183.81697 183.81697
217.9849 217.9849 217.98488 217.98488 217.98487 51.6323822 51.6323822 3.0115 0 3.61814 183.81697 183.81697
217.9849 217.9849 217.98488 217.98488 217.98487 51.6323822 51.6323822 3.61814 3.61814 0 183.81697 183.81697
217.98493 217.98493 217.98491 217.98491 217.9849 183.8170122 183.8170122 183.81697 183.81697 183.81697 0 9.4254
217.98493 217.98493 217.98491 217.98491 217.9849 183.8170122 183.8170122 183.81697 183.81697 183.81697 9.4254 0
