0 3.83492 40.33296 66.05278 66.05279 66.05279 66.05279 66.0528 66.0528 66.05279 66.05279 74.59578
3.83492 0 40.33296 66.05278 66.05279 66.05279 66.05279 66.0528 66.0528 66.05279 66.05279 74.59578
40.33296 40.33296 0 66.05282 66.05283 66.05283 66.05283 66.05284 66.05284 66.05283 66.05283 74.59582
66.05278 66.05278 66.05282 0 36.30761 36.30761 36.30761 54.8001 54.8001 54.80009 54.80009 74.59584
66.05279 66.05279 66.05283 36.30761 0 7.93022 18.96718 54.80011 54.80011 54.8001 54.8001 74.59585
66.05279 66.05279 66.05283 36.30761 7.93022 0 18.96718 54.80011 54.80011 54.8001 54.8001 74.59585
66.05279 66.05279 66.05283 36.30761 18.96718 18.96718 0 54.80011 54.80011 54.8001 54.8001 74.59585
66.0528 66.0528 66.05284 54.8001 54.80011 54.80011 54.80011 0 3.46072 31.92971 31.92971 74.59586
66.0528 66.0528 66.05284 54.8001 54.80011 54.80011 54.80011 3.46072 0 31.92971 31.92971 74.59586
66.05279 66.05279 66.05283 54.80009 54.8001 54.8001 54.8001 31.92971 31.92971 0 10.5379 74.59585
66.05279 66.05279 66.05283 54.80009 54.8001 54.8001 54.8001 31.92971 31.92971 10.5379 0 74.59585
74.59578 74.59578 74.59582 74.59584 74.59585 74.59585 74.59585 74.59586 74.59586 74.59585 74.59585 0
