0 11.20934 22.50864 55.07569 55.07569 55.075687 55.075687 55.0757 55.075692 55.075692 55.075694 55.075694
11.20934 0 22.50864 55.07569 55.07569 55.075687 55.075687 55.0757 55.075692 55.075692 55.075694 55.075694
22.50864 22.50864 0 55.07565 55.07565 55.075647 55.075647 55.07566 55.075652 55.075652 55.075654 55.075654
55.07569 55.07569 55.07565 0 3.9685 7.607297 7.607297 33.71351 33.713502 33.713502 33.713504 33.713504
55.07569 55.07569 55.07565 3.9685 0 7.607297 7.607297 33.71351 33.713502 33.713502 33.713504 33.713504
55.075687 55.075687 55.075647 7.607297 7.607297 0 0.538454 33.713507 33.713499 33.713499 33.713501 33.713501
55.075687 55.075687 55.075647 7.607297 7.607297 0.538454 0 33.713507 33.713499 33.713499 33.713501 33.713501
55.0757 55.0757 55.07566 33.71351 33.71351 33.713507 33.713507 0 19.843092 19.843092 19.843094 19.843094
55.075692 55.075692 55.075652 33.713502 33.713502 33.713499 33.713499 19.843092 0 0.208504 5.539686 5.539686
55.075692 55.075692 55.075652 33.713502 33.713502 33.713499 33.713499 19.843092 0.208504 0 5.539686 5.539686
55.075694 55.075694 55.075654 33.713504 33.713504 33.713501 33.713501 19.843094 5.539686 5.539686 0 4.28124
55.075694 55.075694 55.075654 33.713504 33.713504 33.713501 33.713501 19.843094 5.539686 5.539686 4.28124 0
