0 0.088587 27.3669735 27.3669735 27.3669735 27.3669735 27.3669735 29.1631577 29.1631577 29.1631625 29.1631625 29.1631565
0.088587 0 27.3669735 27.3669735 27.3669735 27.3669735 27.3669735 29.1631577 29.1631577 29.1631625 29.1631625 29.1631565
27.3669735 27.3669735 0 5.05314 7.93026 7.93026 7.93026 29.1631442 29.1631442 29.163149 29.163149 29.163143
27.3669735 27.3669735 5.05314 0 7.93026 7.93026 7.93026 29.1631442 29.1631442 29.163149 29.163149 29.163143
27.3669735 27.3669735 7.93026 7.93026 0 7.45182 7.45182 29.1631442 29.1631442 29.163149 29.163149 29.163143
27.3669735 27.3669735 7.93026 7.93026 7.45182 0 2.66254 29.1631442 29.1631442 29.163149 29.163149 29.163143
27.3669735 27.3669735 7.93026 7.93026 7.45182 2.66254 0 29.1631442 29.1631442 29.163149 29.163149 29.163143
29.1631577 29.1631577 29.1631442 29.1631442 29.1631442 29.1631442 29.1631442 0 0.1063544 4.3435992 4.3435992 5.0005612
29.1631577 29.1631577 29.1631442 29.1631442 29.1631442 29.1631442 29.1631442 0.1063544 0 4.3435992 4.3435992 5.0005612
29.1631625 29.1631625 29.163149 29.163149 29.163149 29.163149 29.163149 4.3435992 4.3435992 0 3.60944 5.000566
29.1631625 29.1631625 29.163149 29.163149 29.163149 29.163149 29.163149 4.3435992 4.3435992 3.60944 0 5.000566
29.1631565 29.1631565 29.163143 29.163143 29.163143 29.163143 29.163143 5.0005612 5.0005612 5.000566 5.000566 0
