0 0.1409034 27.1421017 27.1421017 36.3012117 40.6881577 40.6882277 40.6882277 67.3981917 108.6821417 108.6821277 108.6821277
0.1409034 0 27.1421017 27.1421017 36.3012117 40.6881577 40.6882277 40.6882277 67.3981917 108.6821417 108.6821277 108.6821277
27.1421017 27.1421017 0 18.33978 36.30121 40.688156 40.688226 40.688226 67.39819 108.68214 108.682126 108.682126
27.1421017 27.1421017 18.33978 0 36.30121 40.688156 40.688226 40.688226 67.39819 108.68214 108.682126 108.682126
36.3012117 36.3012117 36.30121 36.30121 0 40.688146 40.688216 40.688216 67.39818 108.68213 108.682116 108.682116
40.6881577 40.6881577 40.688156 40.688156 40.688146 0 39.02487 39.02487 67.398166 108.682116 108.682102 108.682102
40.6882277 40.6882277 40.688226 40.688226 40.688216 39.02487 0 24.3444 67.398236 108.682186 108.682172 108.682172
40.6882277 40.6882277 40.688226 40.688226 40.688216 39.02487 24.3444 0 67.398236 108.682186 108.682172 108.682172
67.3981917 67.3981917 67.39819 67.39819 67.39818 67.398166 67.398236 67.398236 0 108.68215 108.682136 108.682136
108.6821417 108.6821417 108.68214 108.68214 108.68213 108.682116 108.682186 108.682186 108.68215 0 89.950786 89.950786
108.6821277 108.6821277 108.682126 108.682126 108.682116 108.682102 108.682172 108.682172 108.682136 89.950786 0 0.213772
108.6821277 108.6821277 108.682126 108.682126 108.682116 108.682102 108.682172 108.682172 108.682136 89.950786 0.213772 0
