0 23.88636 23.88636 45.91978 45.91978 45.9198 55.466765 55.466765 75.54893 75.54893 75.54887 75.54887
23.88636 0 5.49598 45.91974 45.91974 45.91976 55.466725 55.466725 75.54889 75.54889 75.54883 75.54883
23.88636 5.49598 0 45.91974 45.91974 45.91976 55.466725 55.466725 75.54889 75.54889 75.54883 75.54883
45.91978 45.91974 45.91974 0 4.19216 32.05578 55.466745 55.466745 75.54891 75.54891 75.54885 75.54885
45.91978 45.91974 45.91974 4.19216 0 32.05578 55.466745 55.466745 75.54891 75.54891 75.54885 75.54885
45.9198 45.91976 45.91976 32.05578 32.05578 0 55.466765 55.466765 75.54893 75.54893 75.54887 75.54887
55.466765 55.466725 55.466725 55.466745 55.466745 55.466765 0 0.57859 75.548955 75.548955 75.548895 75.548895
55.466765 55.466725 55.466725 55.466745 55.466745 55.466765 0.57859 0 75.548955 75.548955 75.548895 75.548895
75.54893 75.54889 75.54889 75.54891 75.54891 75.54893 75.548955 75.548955 0 15.68592 57.24686 57.24686
75.54893 75.54889 75.54889 75.54891 75.54891 75.54893 75.548955 75.548955 15.68592 0 57.24686 57.24686
75.54887 75.54883 75.54883 75.54885 75.54885 75.54887 75.548895 75.548895 57.24686 57.24686 0 25.4752
75.54887 75.54883 75.54883 75.54885 75.54885 75.54887 75.548895 75.548895 57.24686 57.24686 25.4752 0
