0 17.2645 17.264506 17.264506 17.264507 17.264507 78.81795 78.81805 78.81801 78.818 78.81801 78.81801
17.2645 0 4.156526 4.156526 12.456807 12.456807 78.81795 78.81805 78.81801 78.818 78.81801 78.81801
17.264506 4.156526 0 1.500312 12.456813 12.456813 78.817956 78.818056 78.818016 78.818006 78.818016 78.818016
17.264506 4.156526 1.500312 0 12.456813 12.456813 78.817956 78.818056 78.818016 78.818006 78.818016 78.818016
17.264507 12.456807 12.456813 12.456813 0 0.525374 78.817957 78.818057 78.818017 78.818007 78.818017 78.818017
17.264507 12.456807 12.456813 12.456813 0.525374 0 78.817957 78.818057 78.818017 78.818007 78.818017 78.818017
78.81795 78.81795 78.817956 78.817956 78.817957 78.817957 0 51.6325 51.63246 51.63245 51.63246 51.63246
78.81805 78.81805 78.818056 78.818056 78.818057 78.818057 51.6325 0 27.09076 27.09075 27.09076 27.09076
78.81801 78.81801 78.818016 78.818016 78.818017 78.818017 51.63246 27.09076 0 20.64959 20.6496 20.6496
78.818 78.818 78.818006 78.818006 78.818007 78.818007 51.63245 27.09075 20.64959 0 16.32969 16.32969
78.81801 78.81801 78.818016 78.818016 78.818017 78.818017 51.63246 27.09076 20.6496 16.32969 0 3.49754
78.81801 78.81801 78.818016 78.818016 78.818017 78.818017 51.63246 27.09076 20.6496 16.32969 3.49754 0
