0 49.02513 49.025158 49.025158 49.02516 49.02515 49.02515 164.87752 164.87752 164.87752 164.877518 164.877518
49.02513 0 21.368228 21.368228 21.36823 31.99034 31.99034 164.87745 164.87745 164.87745 164.877448 164.877448
49.025158 21.368228 0 0.518254 2.267538 31.990368 31.990368 164.877478 164.877478 164.877478 164.877476 164.877476
49.025158 21.368228 0.518254 0 2.267538 31.990368 31.990368 164.877478 164.877478 164.877478 164.877476 164.877476
49.02516 21.36823 2.267538 2.267538 0 31.99037 31.99037 164.87748 164.87748 164.87748 164.877478 164.877478
49.02515 31.99034 31.990368 31.990368 31.99037 0 23.7824 164.87747 164.87747 164.87747 164.877468 164.877468
49.02515 31.99034 31.990368 31.990368 31.99037 23.7824 0 164.87747 164.87747 164.87747 164.877468 164.877468
164.87752 164.87745 164.877478 164.877478 164.87748 164.87747 164.87747 0 4.11784 8.29632 12.977638 12.977638
164.87752 164.87745 164.877478 164.877478 164.87748 164.87747 164.87747 4.11784 0 8.29632 12.977638 12.977638
164.87752 164.87745 164.877478 164.877478 164.87748 164.87747 164.87747 8.29632 8.29632 0 12.977638 12.977638
164.877518 164.877448 164.877476 164.877476 164.877478 164.877468 164.877468 12.977638 12.977638 12.977638 0 0.774416
164.877518 164.877448 164.877476 164.877476 164.877478 164.877468 164.877468 12.977638 12.977638 12.977638 0.774416 0
