0 84.10078 84.10078 84.10078 84.10076 84.10076 84.10079 84.100762 84.100762 84.10077 84.100818 84.100818
84.10078 0 63.5518 63.5518 69.83298 69.83298 69.83301 69.832982 69.832982 69.83299 69.833038 69.833038
84.10078 63.5518 0 22.6562 69.83298 69.83298 69.83301 69.832982 69.832982 69.83299 69.833038 69.833038
84.10078 63.5518 22.6562 0 69.83298 69.83298 69.83301 69.832982 69.832982 69.83299 69.833038 69.833038
84.10076 69.83298 69.83298 69.83298 0 11.60886 50.94409 50.944062 50.944062 50.94407 50.944118 50.944118
84.10076 69.83298 69.83298 69.83298 11.60886 0 50.94409 50.944062 50.944062 50.94407 50.944118 50.944118
84.10079 69.83301 69.83301 69.83301 50.94409 50.94409 0 44.946372 44.946372 44.94638 44.946428 44.946428
84.100762 69.832982 69.832982 69.832982 50.944062 50.944062 44.946372 0 0.419284 7.059232 34.30408 34.30408
84.100762 69.832982 69.832982 69.832982 50.944062 50.944062 44.946372 0.419284 0 7.059232 34.30408 34.30408
84.10077 69.83299 69.83299 69.83299 50.94407 50.94407 44.94638 7.059232 7.059232 0 34.304088 34.304088
84.100818 69.833038 69.833038 69.833038 50.944118 50.944118 44.946428 34.30408 34.30408 34.304088 0 1.277936
84.100818 69.833038 69.833038 69.833038 50.944118 50.944118 44.946428 34.30408 34.30408 34.304088 1.277936 0
