0 23.329827 23.329827 23.329824 58.60258 58.60258 93.16675 93.166749 93.166749 93.16675 113.66915 113.66915
23.329827 0 0.576606 22.952203 58.602607 58.602607 93.166777 93.166776 93.166776 93.166777 113.669177 113.669177
23.329827 0.576606 0 22.952203 58.602607 58.602607 93.166777 93.166776 93.166776 93.166777 113.669177 113.669177
23.329824 22.952203 22.952203 0 58.602604 58.602604 93.166774 93.166773 93.166773 93.166774 113.669174 113.669174
58.60258 58.602607 58.602607 58.602604 0 3.87976 93.16673 93.166729 93.166729 93.16673 113.66913 113.66913
58.60258 58.602607 58.602607 58.602604 3.87976 0 93.16673 93.166729 93.166729 93.16673 113.66913 113.66913
93.16675 93.166777 93.166777 93.166774 93.16673 93.16673 0 7.531179 7.531179 14.4179 113.6691 113.6691
93.166749 93.166776 93.166776 93.166773 93.166729 93.166729 7.531179 0 0.744978 14.417899 113.669099 113.669099
93.166749 93.166776 93.166776 93.166773 93.166729 93.166729 7.531179 0.744978 0 14.417899 113.669099 113.669099
93.16675 93.166777 93.166777 93.166774 93.16673 93.16673 14.4179 14.417899 14.417899 0 113.6691 113.6691
113.66915 113.669177 113.669177 113.669174 113.66913 113.66913 113.6691 113.669099 113.669099 113.6691 0 2.6011
113.66915 113.669177 113.669177 113.669174 113.66913 113.66913 113.6691 113.669099 113.669099 113.6691 2.6011 0
