0 9.933063 9.933063 9.93306 11.939836 11.939836 11.93984 56.960446 56.960446 56.96044 114.8054597 114.8054597
9.933063 0 3.65738 4.128623 11.939839 11.939839 11.939843 56.960449 56.960449 56.960443 114.8054627 114.8054627
9.933063 3.65738 0 4.128623 11.939839 11.939839 11.939843 56.960449 56.960449 56.960443 114.8054627 114.8054627
9.93306 4.128623 4.128623 0 11.939836 11.939836 11.93984 56.960446 56.960446 56.96044 114.8054597 114.8054597
11.939836 11.939839 11.939839 11.939836 0 5.18436 7.068076 56.960442 56.960442 56.960436 114.8054557 114.8054557
11.939836 11.939839 11.939839 11.939836 5.18436 0 7.068076 56.960442 56.960442 56.960436 114.8054557 114.8054557
11.93984 11.939843 11.939843 11.93984 7.068076 7.068076 0 56.960446 56.960446 56.96044 114.8054597 114.8054597
56.960446 56.960449 56.960449 56.960446 56.960442 56.960442 56.960446 0 0.852132 17.852846 114.8054657 114.8054657
56.960446 56.960449 56.960449 56.960446 56.960442 56.960442 56.960446 0.852132 0 17.852846 114.8054657 114.8054657
56.96044 56.960443 56.960443 56.96044 56.960436 56.960436 56.96044 17.852846 17.852846 0 114.8054597 114.8054597
114.8054597 114.8054627 114.8054627 114.8054597 114.8054557 114.8054557 114.8054597 114.8054657 114.8054657 114.8054597 0 0.0650794
114.8054597 114.8054627 114.8054627 114.8054597 114.8054557 114.8054557 114.8054597 114.8054657 114.8054657 114.8054597 0.0650794 0
