0 15.1776 73.89516 73.895135 73.895135 73.89516 73.89522 73.89515 73.89517 73.89517 73.895171 73.895171
15.1776 0 73.89516 73.895135 73.895135 73.89516 73.89522 73.89515 73.89517 73.89517 73.895171 73.895171
73.89516 73.89516 0 57.499575 57.499575 57.4996 57.49966 57.49959 57.49961 57.49961 57.499611 57.499611
73.895135 73.895135 57.499575 0 0.92835 25.181775 40.862995 40.862925 40.862945 40.862945 40.862946 40.862946
73.895135 73.895135 57.499575 0.92835 0 25.181775 40.862995 40.862925 40.862945 40.862945 40.862946 40.862946
73.89516 73.89516 57.4996 25.181775 25.181775 0 40.86302 40.86295 40.86297 40.86297 40.862971 40.862971
73.89522 73.89522 57.49966 40.862995 40.862995 40.86302 0 32.44773 32.44775 32.44775 32.447751 32.447751
73.89515 73.89515 57.49959 40.862925 40.862925 40.86295 32.44773 0 28.00122 28.00122 28.001221 28.001221
73.89517 73.89517 57.49961 40.862945 40.862945 40.86297 32.44775 28.00122 0 2.03838 19.441521 19.441521
73.89517 73.89517 57.49961 40.862945 40.862945 40.86297 32.44775 28.00122 2.03838 0 19.441521 19.441521
73.895171 73.895171 57.499611 40.862946 40.862946 40.862971 32.447751 28.001221 19.441521 19.441521 0 18.70368
73.895171 73.895171 57.499611 40.862946 40.862946 40.862971 32.447751 28.001221 19.441521 19.441521 18.70368 0
