0 24.35313 24.35317 24.35317 104.83957 104.83957 104.83957 104.83955 104.83955 104.83955 104.8395649 104.8395649
24.35313 0 21.41444 21.41444 104.8395 104.8395 104.8395 104.83948 104.83948 104.83948 104.8394949 104.8394949
24.35317 21.41444 0 4.17914 104.83954 104.83954 104.83954 104.83952 104.83952 104.83952 104.8395349 104.8395349
24.35317 21.41444 4.17914 0 104.83954 104.83954 104.83954 104.83952 104.83952 104.83952 104.8395349 104.8395349
104.83957 104.8395 104.83954 104.83954 0 10.89294 10.89294 49.20732 49.20732 49.20732 49.2073349 49.2073349
104.83957 104.8395 104.83954 104.83954 10.89294 0 4.49606 49.20732 49.20732 49.20732 49.2073349 49.2073349
104.83957 104.8395 104.83954 104.83954 10.89294 4.49606 0 49.20732 49.20732 49.20732 49.2073349 49.2073349
104.83955 104.83948 104.83952 104.83952 49.20732 49.20732 49.20732 0 24.1202 45.58 45.9163949 45.9163949
104.83955 104.83948 104.83952 104.83952 49.20732 49.20732 49.20732 24.1202 0 45.58 45.9163949 45.9163949
104.83955 104.83948 104.83952 104.83952 49.20732 49.20732 49.20732 45.58 45.58 0 45.9163949 45.9163949
104.8395649 104.8394949 104.8395349 104.8395349 49.2073349 49.2073349 49.2073349 45.9163949 45.9163949 45.9163949 0 0.0442098
104.8395649 104.8394949 104.8395349 104.8395349 49.2073349 49.2073349 49.2073349 45.9163949 45.9163949 45.9163949 0.0442098 0
