0 32.3748 94.95662 94.95662 94.95663 94.956628 94.956628 94.956628 94.956628 94.956628 94.956628 94.95663
32.3748 0 94.95662 94.95662 94.95663 94.956628 94.956628 94.956628 94.956628 94.956628 94.956628 94.95663
94.95662 94.95662 0 4.75818 35.71899 89.213988 89.213988 89.213988 89.213988 89.213988 89.213988 89.21399
94.95662 94.95662 4.75818 0 35.71899 89.213988 89.213988 89.213988 89.213988 89.213988 89.213988 89.21399
94.95663 94.95663 35.71899 35.71899 0 89.213998 89.213998 89.213998 89.213998 89.213998 89.213998 89.214
94.956628 94.956628 89.213988 89.213988 89.213998 0 5.0407 15.67828 24.0967 24.0967 24.0967 24.822798
94.956628 94.956628 89.213988 89.213988 89.213998 5.0407 0 15.67828 24.0967 24.0967 24.0967 24.822798
94.956628 94.956628 89.213988 89.213988 89.213998 15.67828 15.67828 0 24.0967 24.0967 24.0967 24.822798
94.956628 94.956628 89.213988 89.213988 89.213998 24.0967 24.0967 24.0967 0 18.0712 18.0712 24.822798
94.956628 94.956628 89.213988 89.213988 89.213998 24.0967 24.0967 24.0967 18.0712 0 3.02616 24.822798
94.956628 94.956628 89.213988 89.213988 89.213998 24.0967 24.0967 24.0967 18.0712 3.02616 0 24.822798
94.95663 94.95663 89.21399 89.21399 89.214 24.822798 24.822798 24.822798 24.822798 24.822798 24.822798 0
