0 25.1512 46.4418 64.034094 64.034094 64.03409 64.03409 64.03414 84.45708 84.45708 84.45705 188.77045
25.1512 0 46.4418 64.034094 64.034094 64.03409 64.03409 64.03414 84.45708 84.45708 84.45705 188.77045
46.4418 46.4418 0 64.034094 64.034094 64.03409 64.03409 64.03414 84.45708 84.45708 84.45705 188.77045
64.034094 64.034094 64.034094 0 0.246988 54.712584 54.712584 54.712634 84.457074 84.457074 84.457044 188.770444
64.034094 64.034094 64.034094 0.246988 0 54.712584 54.712584 54.712634 84.457074 84.457074 84.457044 188.770444
64.03409 64.03409 64.03409 54.712584 54.712584 0 16.7687 42.02435 84.45707 84.45707 84.45704 188.77044
64.03409 64.03409 64.03409 54.712584 54.712584 16.7687 0 42.02435 84.45707 84.45707 84.45704 188.77044
64.03414 64.03414 64.03414 54.712634 54.712634 42.02435 42.02435 0 84.45712 84.45712 84.45709 188.77049
84.45708 84.45708 84.45708 84.457074 84.457074 84.45707 84.45707 84.45712 0 5.5442 24.02963 188.77043
84.45708 84.45708 84.45708 84.457074 84.457074 84.45707 84.45707 84.45712 5.5442 0 24.02963 188.77043
84.45705 84.45705 84.45705 84.457044 84.457044 84.45704 84.45704 84.45709 24.02963 24.02963 0 188.7704
188.77045 188.77045 188.77045 188.770444 188.770444 188.77044 188.77044 188.77049 188.77043 188.77043 188.7704 0
