0 6.76912 146.38546 146.38552 146.38552 151.99807 151.99807 151.99807 175.47343 175.47343 175.47351 175.47351
6.76912 0 146.38546 146.38552 146.38552 151.99807 151.99807 151.99807 175.47343 175.47343 175.47351 175.47351
146.38546 146.38546 0 44.43246 44.43246 151.99801 151.99801 151.99801 175.47337 175.47337 175.47345 175.47345
146.38552 146.38552 44.43246 0 0.55292 151.99807 151.99807 151.99807 175.47343 175.47343 175.47351 175.47351
146.38552 146.38552 44.43246 0.55292 0 151.99807 151.99807 151.99807 175.47343 175.47343 175.47351 175.47351
151.99807 151.99807 151.99801 151.99807 151.99807 0 8.8229 19.28624 175.4734 175.4734 175.47348 175.47348
151.99807 151.99807 151.99801 151.99807 151.99807 8.8229 0 19.28624 175.4734 175.4734 175.47348 175.47348
151.99807 151.99807 151.99801 151.99807 151.99807 19.28624 19.28624 0 175.4734 175.4734 175.47348 175.47348
175.47343 175.47343 175.47337 175.47343 175.47343 175.4734 175.4734 175.4734 0 14.99596 39.28824 39.28824
175.47343 175.47343 175.47337 175.47343 175.47343 175.4734 175.4734 175.4734 14.99596 0 39.28824 39.28824
175.47351 175.47351 175.47345 175.47351 175.47351 175.47348 175.47348 175.47348 39.28824 39.28824 0 17.37892
175.47351 175.47351 175.47345 175.47351 175.47351 175.47348 175.47348 175.47348 39.28824 39.28824 17.37892 0
