0 53.4902 99.29838 99.29838 99.29838 99.29838 99.298324 99.298364 99.298364 99.298384 99.298384 99.29833
53.4902 0 99.29838 99.29838 99.29838 99.29838 99.298324 99.298364 99.298364 99.298384 99.298384 99.29833
99.29838 99.29838 0 4.43374 4.43374 10.3497 94.564244 94.564284 94.564284 94.564304 94.564304 94.56425
99.29838 99.29838 4.43374 0 2.338 10.3497 94.564244 94.564284 94.564284 94.564304 94.564304 94.56425
99.29838 99.29838 4.43374 2.338 0 10.3497 94.564244 94.564284 94.564284 94.564304 94.564304 94.56425
99.29838 99.29838 10.3497 10.3497 10.3497 0 94.564244 94.564284 94.564284 94.564304 94.564304 94.56425
99.298324 99.298324 94.564244 94.564244 94.564244 94.564244 0 36.53864 36.53864 36.53866 36.53866 37.369994
99.298364 99.298364 94.564284 94.564284 94.564284 94.564284 36.53864 0 20.0028 31.76104 31.76104 37.370034
99.298364 99.298364 94.564284 94.564284 94.564284 94.564284 36.53864 20.0028 0 31.76104 31.76104 37.370034
99.298384 99.298384 94.564304 94.564304 94.564304 94.564304 36.53866 31.76104 31.76104 0 21.6314 37.370054
99.298384 99.298384 94.564304 94.564304 94.564304 94.564304 36.53866 31.76104 31.76104 21.6314 0 37.370054
99.29833 99.29833 94.56425 94.56425 94.56425 94.56425 37.369994 37.370034 37.370034 37.370054 37.370054 0
