0 36.7496 117.89446 117.89446 117.894451 117.894451 117.894451 117.89447 117.89441 117.89441 117.8944 117.8944
36.7496 0 117.89446 117.89446 117.894451 117.894451 117.894451 117.89447 117.89441 117.89441 117.8944 117.8944
117.89446 117.89446 0 38.5568 43.657911 43.657911 43.657911 43.65793 43.65787 43.65787 74.33966 74.33966
117.89446 117.89446 38.5568 0 43.657911 43.657911 43.657911 43.65793 43.65787 43.65787 74.33966 74.33966
117.894451 117.894451 43.657911 43.657911 0 2.597 19.93134 21.894581 36.616221 36.616221 74.339651 74.339651
117.894451 117.894451 43.657911 43.657911 2.597 0 19.93134 21.894581 36.616221 36.616221 74.339651 74.339651
117.894451 117.894451 43.657911 43.657911 19.93134 19.93134 0 21.894581 36.616221 36.616221 74.339651 74.339651
117.89447 117.89447 43.65793 43.65793 21.894581 21.894581 21.894581 0 36.61624 36.61624 74.33967 74.33967
117.89441 117.89441 43.65787 43.65787 36.616221 36.616221 36.616221 36.61624 0 5.49418 74.33961 74.33961
117.89441 117.89441 43.65787 43.65787 36.616221 36.616221 36.616221 36.61624 5.49418 0 74.33961 74.33961
117.8944 117.8944 74.33966 74.33966 74.339651 74.339651 74.339651 74.33967 74.33961 74.33961 0 26.3078
117.8944 117.8944 74.33966 74.33966 74.339651 74.339651 74.339651 74.33967 74.33961 74.33961 26.3078 0
