0 1.88430433 1.88430433 20.252524 20.252524 20.252522 20.252522 79.292762 85.630312 85.630312 85.630262 85.630362
1.88430433 0 0.00229066 20.25252433 20.25252433 20.25252233 20.25252233 79.29276233 85.63031233 85.63031233 85.63026233 85.63036233
1.88430433 0.00229066 0 20.25252433 20.25252433 20.25252233 20.25252233 79.29276233 85.63031233 85.63031233 85.63026233 85.63036233
20.252524 20.25252433 20.25252433 0 1.409544 8.598742 8.598742 79.292762 85.630312 85.630312 85.630262 85.630362
20.252524 20.25252433 20.25252433 1.409544 0 8.598742 8.598742 79.292762 85.630312 85.630312 85.630262 85.630362
20.252522 20.25252233 20.25252233 8.598742 8.598742 0 3.20598 79.29276 85.63031 85.63031 85.63026 85.63036
20.252522 20.25252233 20.25252233 8.598742 8.598742 3.20598 0 79.29276 85.63031 85.63031 85.63026 85.63036
79.292762 79.29276233 79.29276233 79.292762 79.292762 79.29276 79.29276 0 85.63035 85.63035 85.6303 85.6304
85.630312 85.63031233 85.63031233 85.630312 85.630312 85.63031 85.63031 85.63035 0 12.0707 32.57125 62.23275
85.630312 85.63031233 85.63031233 85.630312 85.630312 85.63031 85.63031 85.63035 12.0707 0 32.57125 62.23275
85.630262 85.63026233 85.63026233 85.630262 85.630262 85.63026 85.63026 85.6303 32.57125 32.57125 0 62.2327
85.630362 85.63036233 85.63036233 85.630362 85.630362 85.63036 85.63036 85.6304 62.23275 62.23275 62.2327 0
