0 39.6128 64.45999 64.46 64.46 64.45999 64.45999 70.74488 70.74492 70.74491 70.74491 70.74492
39.6128 0 64.45999 64.46 64.46 64.45999 64.45999 70.74488 70.74492 70.74491 70.74491 70.74492
64.45999 64.45999 0 16.68599 16.68599 16.68598 16.68598 70.74487 70.74491 70.7449 70.7449 70.74491
64.46 64.46 16.68599 0 6.6944 13.76759 13.76759 70.74488 70.74492 70.74491 70.74491 70.74492
64.46 64.46 16.68599 6.6944 0 13.76759 13.76759 70.74488 70.74492 70.74491 70.74491 70.74492
64.45999 64.45999 16.68598 13.76759 13.76759 0 8.79528 70.74487 70.74491 70.7449 70.7449 70.74491
64.45999 64.45999 16.68598 13.76759 13.76759 8.79528 0 70.74487 70.74491 70.7449 70.7449 70.74491
70.74488 70.74488 70.74487 70.74488 70.74488 70.74487 70.74487 0 40.90444 40.90443 40.90443 40.90444
70.74492 70.74492 70.74491 70.74492 70.74492 70.74491 70.74491 40.90444 0 11.36271 11.36271 15.06328
70.74491 70.74491 70.7449 70.74491 70.74491 70.7449 70.7449 40.90443 11.36271 0 4.69204 15.06327
70.74491 70.74491 70.7449 70.74491 70.74491 70.7449 70.7449 40.90443 11.36271 4.69204 0 15.06327
70.74492 70.74492 70.74491 70.74492 70.74492 70.74491 70.74491 40.90444 15.06328 15.06327 15.06327 0
