0 66.9792 66.9792 66.97919 66.97919 104.0041 104.00405 104.00405 104.00405 104.00405 104.0041 104.0041
66.9792 0 29.441 48.93119 48.93119 104.0041 104.00405 104.00405 104.00405 104.00405 104.0041 104.0041
66.9792 29.441 0 48.93119 48.93119 104.0041 104.00405 104.00405 104.00405 104.00405 104.0041 104.0041
66.97919 48.93119 48.93119 0 2.38558 104.00409 104.00404 104.00404 104.00404 104.00404 104.00409 104.00409
66.97919 48.93119 48.93119 2.38558 0 104.00409 104.00404 104.00404 104.00404 104.00404 104.00409 104.00409
104.0041 104.0041 104.0041 104.00409 104.00409 0 51.96835 51.96835 77.34515 77.34515 77.3452 77.3452
104.00405 104.00405 104.00405 104.00404 104.00404 51.96835 0 6.5445 77.3451 77.3451 77.34515 77.34515
104.00405 104.00405 104.00405 104.00404 104.00404 51.96835 6.5445 0 77.3451 77.3451 77.34515 77.34515
104.00405 104.00405 104.00405 104.00404 104.00404 77.34515 77.3451 77.3451 0 2.3927 51.24175 51.24175
104.00405 104.00405 104.00405 104.00404 104.00404 77.34515 77.3451 77.3451 2.3927 0 51.24175 51.24175
104.0041 104.0041 104.0041 104.00409 104.00409 77.3452 77.34515 77.34515 51.24175 51.24175 0 24.465
104.0041 104.0041 104.0041 104.00409 104.00409 77.3452 77.34515 77.34515 51.24175 51.24175 24.465 0
