0 0.786876 9.077938 9.077938 64.629588 64.629588 64.629588 64.629588 101.186823 101.186823 101.186823 101.186823
0.786876 0 9.077938 9.077938 64.629588 64.629588 64.629588 64.629588 101.186823 101.186823 101.186823 101.186823
9.077938 9.077938 0 3.55028 64.62959 64.62959 64.62959 64.62959 101.186825 101.186825 101.186825 101.186825
9.077938 9.077938 3.55028 0 64.62959 64.62959 64.62959 64.62959 101.186825 101.186825 101.186825 101.186825
64.629588 64.629588 64.62959 64.62959 0 42.7112 61.92164 61.92164 101.186875 101.186875 101.186875 101.186875
64.629588 64.629588 64.62959 64.62959 42.7112 0 61.92164 61.92164 101.186875 101.186875 101.186875 101.186875
64.629588 64.629588 64.62959 64.62959 61.92164 61.92164 0 5.76424 101.186875 101.186875 101.186875 101.186875
64.629588 64.629588 64.62959 64.62959 61.92164 61.92164 5.76424 0 101.186875 101.186875 101.186875 101.186875
101.186823 101.186823 101.186825 101.186825 101.186875 101.186875 101.186875 101.186875 0 58.877 99.449 99.449
101.186823 101.186823 101.186825 101.186825 101.186875 101.186875 101.186875 101.186875 58.877 0 99.449 99.449
101.186823 101.186823 101.186825 101.186825 101.186875 101.186875 101.186875 101.186875 99.449 99.449 0 25.7034
101.186823 101.186823 101.186825 101.186825 101.186875 101.186875 101.186875 101.186875 99.449 99.449 25.7034 0
