0 4.852807 4.852807 26.0144 74.30228 74.30228 74.30232 74.30232 74.3023 74.3023 74.30227 74.30227
4.852807 0 3.3716 26.014407 74.302287 74.302287 74.302327 74.302327 74.302307 74.302307 74.302277 74.302277
4.852807 3.3716 0 26.014407 74.302287 74.302287 74.302327 74.302327 74.302307 74.302307 74.302277 74.302277
26.0144 26.014407 26.014407 0 74.30228 74.30228 74.30232 74.30232 74.3023 74.3023 74.30227 74.30227
74.30228 74.302287 74.302287 74.30228 0 21.5048 30.87836 30.87836 63.54654 63.54654 63.54651 63.54651
74.30228 74.302287 74.302287 74.30228 21.5048 0 30.87836 30.87836 63.54654 63.54654 63.54651 63.54651
74.30232 74.302327 74.302327 74.30232 30.87836 30.87836 0 22.675 63.54658 63.54658 63.54655 63.54655
74.30232 74.302327 74.302327 74.30232 30.87836 30.87836 22.675 0 63.54658 63.54658 63.54655 63.54655
74.3023 74.302307 74.302307 74.3023 63.54654 63.54654 63.54658 63.54658 0 12.00846 55.86603 55.86603
74.3023 74.302307 74.302307 74.3023 63.54654 63.54654 63.54658 63.54658 12.00846 0 55.86603 55.86603
74.30227 74.302277 74.302277 74.30227 63.54651 63.54651 63.54655 63.54655 55.86603 55.86603 0 33.9146
74.30227 74.302277 74.302277 74.30227 63.54651 63.54651 63.54655 63.54655 55.86603 55.86603 33.9146 0
