0 142.8024 142.8023738 142.8023738 142.80237 142.80237 142.80244 142.80245 142.80245 142.8025 142.80246 142.80246
142.8024 0 52.2497738 52.2497738 52.24977 52.24977 89.71184 89.71185 89.71185 89.7119 89.71186 89.71186
142.8023738 52.2497738 0 0.1439276 9.4193838 17.4557438 89.7118138 89.7118238 89.7118238 89.7118738 89.7118338 89.7118338
142.8023738 52.2497738 0.1439276 0 9.4193838 17.4557438 89.7118138 89.7118238 89.7118238 89.7118738 89.7118338 89.7118338
142.80237 52.24977 9.4193838 9.4193838 0 17.45574 89.71181 89.71182 89.71182 89.71187 89.71183 89.71183
142.80237 52.24977 17.4557438 17.4557438 17.45574 0 89.71181 89.71182 89.71182 89.71187 89.71183 89.71183
142.80244 89.71184 89.7118138 89.7118138 89.71181 89.71181 0 41.39721 41.39721 55.82114 55.8211 55.8211
142.80245 89.71185 89.7118238 89.7118238 89.71182 89.71182 41.39721 0 21.4346 55.82115 55.82111 55.82111
142.80245 89.71185 89.7118238 89.7118238 89.71182 89.71182 41.39721 21.4346 0 55.82115 55.82111 55.82111
142.8025 89.7119 89.7118738 89.7118738 89.71187 89.71187 55.82114 55.82115 55.82115 0 20.40496 20.40496
142.80246 89.71186 89.7118338 89.7118338 89.71183 89.71183 55.8211 55.82111 55.82111 20.40496 0 2.80254
142.80246 89.71186 89.7118338 89.7118338 89.71183 89.71183 55.8211 55.82111 55.82111 20.40496 2.80254 0
