0 23.83004 23.830034 23.830034 23.83003 53.998399 53.998399 53.9984 155.3448 155.34477 155.34477 155.3448
23.83004 0 19.325954 19.325954 19.32595 53.998439 53.998439 53.99844 155.34484 155.34481 155.34481 155.34484
23.830034 19.325954 0 1.444688 13.026624 53.998433 53.998433 53.998434 155.344834 155.344804 155.344804 155.344834
23.830034 19.325954 1.444688 0 13.026624 53.998433 53.998433 53.998434 155.344834 155.344804 155.344804 155.344834
23.83003 19.32595 13.026624 13.026624 0 53.998429 53.998429 53.99843 155.34483 155.3448 155.3448 155.34483
53.998399 53.998439 53.998433 53.998433 53.998429 0 27.2442 27.498399 155.344799 155.344769 155.344769 155.344799
53.998399 53.998439 53.998433 53.998433 53.998429 27.2442 0 27.498399 155.344799 155.344769 155.344769 155.344799
53.9984 53.99844 53.998434 53.998434 53.99843 27.498399 27.498399 0 155.3448 155.34477 155.34477 155.3448
155.3448 155.34484 155.344834 155.344834 155.34483 155.344799 155.344799 155.3448 0 83.39837 83.39837 83.3984
155.34477 155.34481 155.344804 155.344804 155.3448 155.344769 155.344769 155.34477 83.39837 0 31.2714 39.72977
155.34477 155.34481 155.344804 155.344804 155.3448 155.344769 155.344769 155.34477 83.39837 31.2714 0 39.72977
155.3448 155.34484 155.344834 155.344834 155.34483 155.344799 155.344799 155.3448 83.3984 39.72977 39.72977 0
