0 25.14138 25.14138 58.6964 84.8539 84.85393 84.85393 109.03838 109.03837 109.03837 109.038393 109.038393
25.14138 0 3.88356 58.69638 84.85388 84.85391 84.85391 109.03836 109.03835 109.03835 109.038373 109.038373
25.14138 3.88356 0 58.69638 84.85388 84.85391 84.85391 109.03836 109.03835 109.03835 109.038373 109.038373
58.6964 58.69638 58.69638 0 84.8539 84.85393 84.85393 109.03838 109.03837 109.03837 109.038393 109.038393
84.8539 84.85388 84.85388 84.8539 0 51.19243 51.19243 109.03828 109.03827 109.03827 109.038293 109.038293
84.85393 84.85391 84.85391 84.85393 51.19243 0 8.76846 109.03831 109.0383 109.0383 109.038323 109.038323
84.85393 84.85391 84.85391 84.85393 51.19243 8.76846 0 109.03831 109.0383 109.0383 109.038323 109.038323
109.03838 109.03836 109.03836 109.03838 109.03828 109.03831 109.03831 0 33.72499 33.72499 52.745573 52.745573
109.03837 109.03835 109.03835 109.03837 109.03827 109.0383 109.0383 33.72499 0 2.26738 52.745563 52.745563
109.03837 109.03835 109.03835 109.03837 109.03827 109.0383 109.0383 33.72499 2.26738 0 52.745563 52.745563
109.038393 109.038373 109.038373 109.038393 109.038293 109.038323 109.038323 52.745573 52.745563 52.745563 0 0.314586
109.038393 109.038373 109.038373 109.038393 109.038293 109.038323 109.038323 52.745573 52.745563 52.745563 0.314586 0
