0 10.65504 10.655039 10.655039 58.779387 58.779387 58.779377 58.779377 58.779388 58.779388 58.77942 67.5114
10.65504 0 7.650039 7.650039 58.779387 58.779387 58.779377 58.779377 58.779388 58.779388 58.77942 67.5114
10.655039 7.650039 0 0.806378 58.779386 58.779386 58.779376 58.779376 58.779387 58.779387 58.779419 67.511399
10.655039 7.650039 0.806378 0 58.779386 58.779386 58.779376 58.779376 58.779387 58.779387 58.779419 67.511399
58.779387 58.779387 58.779386 58.779386 0 5.71162 22.98787 22.98787 28.478181 28.478181 29.182367 67.511347
58.779387 58.779387 58.779386 58.779386 5.71162 0 22.98787 22.98787 28.478181 28.478181 29.182367 67.511347
58.779377 58.779377 58.779376 58.779376 22.98787 22.98787 0 6.44558 28.478171 28.478171 29.182357 67.511337
58.779377 58.779377 58.779376 58.779376 22.98787 22.98787 6.44558 0 28.478171 28.478171 29.182357 67.511337
58.779388 58.779388 58.779387 58.779387 28.478181 28.478181 28.478171 28.478171 0 1.068182 29.182368 67.511348
58.779388 58.779388 58.779387 58.779387 28.478181 28.478181 28.478171 28.478171 1.068182 0 29.182368 67.511348
58.77942 58.77942 58.779419 58.779419 29.182367 29.182367 29.182357 29.182357 29.182368 29.182368 0 67.51138
67.5114 67.5114 67.511399 67.511399 67.511347 67.511347 67.511337 67.511337 67.511348 67.511348 67.51138 0
