0 37.574011 37.574011 37.57401 37.57401 154.08104 154.08104 154.080987 154.080987 154.08097 154.081 154.081
37.574011 0 1.448656 3.041441 19.550281 154.081051 154.081051 154.080998 154.080998 154.080981 154.081011 154.081011
37.574011 1.448656 0 3.041441 19.550281 154.081051 154.081051 154.080998 154.080998 154.080981 154.081011 154.081011
37.57401 3.041441 3.041441 0 19.55028 154.08105 154.08105 154.080997 154.080997 154.08098 154.08101 154.08101
37.57401 19.550281 19.550281 19.55028 0 154.08105 154.08105 154.080997 154.080997 154.08098 154.08101 154.08101
154.08104 154.081051 154.081051 154.08105 154.08105 0 79.7268 79.726747 79.726747 79.72673 88.44304 88.44304
154.08104 154.081051 154.081051 154.08105 154.08105 79.7268 0 55.189347 55.189347 55.18933 88.44304 88.44304
154.080987 154.080998 154.080998 154.080997 154.080997 79.726747 55.189347 0 0.875834 52.605817 88.442987 88.442987
154.080987 154.080998 154.080998 154.080997 154.080997 79.726747 55.189347 0.875834 0 52.605817 88.442987 88.442987
154.08097 154.080981 154.080981 154.08098 154.08098 79.72673 55.18933 52.605817 52.605817 0 88.44297 88.44297
154.081 154.081011 154.081011 154.08101 154.08101 88.44304 88.44304 88.442987 88.442987 88.44297 0 5.6008
154.081 154.081011 154.081011 154.08101 154.08101 88.44304 88.44304 88.442987 88.442987 88.44297 5.6008 0
