0 115.05666 115.05659 115.056593 115.056593 115.05659 115.05662 128.13721 128.13721 128.13721 128.1372065 128.1372065
115.05666 0 103.95793 103.957933 103.957933 103.95793 103.95796 128.13727 128.13727 128.13727 128.1372665 128.1372665
115.05659 103.95793 0 4.249963 4.249963 12.98354 101.58177 128.1372 128.1372 128.1372 128.1371965 128.1371965
115.056593 103.957933 4.249963 0 1.084186 12.983543 101.581773 128.137203 128.137203 128.137203 128.1371995 128.1371995
115.056593 103.957933 4.249963 1.084186 0 12.983543 101.581773 128.137203 128.137203 128.137203 128.1371995 128.1371995
115.05659 103.95793 12.98354 12.983543 12.983543 0 101.58177 128.1372 128.1372 128.1372 128.1371965 128.1371965
115.05662 103.95796 101.58177 101.581773 101.581773 101.58177 0 128.13723 128.13723 128.13723 128.1372265 128.1372265
128.13721 128.13727 128.1372 128.137203 128.137203 128.1372 128.13723 0 23.4572 23.4572 23.4571965 23.4571965
128.13721 128.13727 128.1372 128.137203 128.137203 128.1372 128.13723 23.4572 0 7.00958 12.3702165 12.3702165
128.13721 128.13727 128.1372 128.137203 128.137203 128.1372 128.13723 23.4572 7.00958 0 12.3702165 12.3702165
128.1372065 128.1372665 128.1371965 128.1371995 128.1371995 128.1371965 128.1372265 23.4571965 12.3702165 12.3702165 0 0.061633
128.1372065 128.1372665 128.1371965 128.1371995 128.1371995 128.1371965 128.1372265 23.4571965 12.3702165 12.3702165 0.061633 0
