0 14.72384 16.94146 16.94146 17.0280212 249.2100522 249.2100522 249.2100522 249.2100122 249.2100122 249.2100122 249.2100112
14.72384 0 16.94146 16.94146 17.0280212 249.2100522 249.2100522 249.2100522 249.2100122 249.2100122 249.2100122 249.2100112
16.94146 16.94146 0 4.71914 17.0280212 249.2100522 249.2100522 249.2100522 249.2100122 249.2100122 249.2100122 249.2100112
16.94146 16.94146 4.71914 0 17.0280212 249.2100522 249.2100522 249.2100522 249.2100122 249.2100122 249.2100122 249.2100112
17.0280212 17.0280212 17.0280212 17.0280212 0 249.210051 249.210051 249.210051 249.210011 249.210011 249.210011 249.21001
249.2100522 249.2100522 249.2100522 249.2100522 249.210051 0 18.867 18.867 38.52596 38.52596 38.52596 40.096041
249.2100522 249.2100522 249.2100522 249.2100522 249.210051 18.867 0 2.58592 38.52596 38.52596 38.52596 40.096041
249.2100522 249.2100522 249.2100522 249.2100522 249.210051 18.867 2.58592 0 38.52596 38.52596 38.52596 40.096041
249.2100122 249.2100122 249.2100122 249.2100122 249.210011 38.52596 38.52596 38.52596 0 24.459 27.0338 40.096001
249.2100122 249.2100122 249.2100122 249.2100122 249.210011 38.52596 38.52596 38.52596 24.459 0 27.0338 40.096001
249.2100122 249.2100122 249.2100122 249.2100122 249.210011 38.52596 38.52596 38.52596 27.0338 27.0338 0 40.096001
249.2100112 249.2100112 249.2100112 249.2100112 249.21001 40.096041 40.096041 40.096041 40.096001 40.096001 40.096001 0
