0 0.498768 7.701944 59.608674 59.608684 59.608684 59.608684 74.110234 74.110234 74.110224 74.110224 74.110244
0.498768 0 7.701944 59.608674 59.608684 59.608684 59.608684 74.110234 74.110234 74.110224 74.110224 74.110244
7.701944 7.701944 0 59.60867 59.60868 59.60868 59.60868 74.11023 74.11023 74.11022 74.11022 74.11024
59.608674 59.608674 59.60867 0 23.26341 23.26341 23.26341 74.11016 74.11016 74.11015 74.11015 74.11017
59.608684 59.608684 59.60868 23.26341 0 17.75066 20.084 74.11017 74.11017 74.11016 74.11016 74.11018
59.608684 59.608684 59.60868 23.26341 17.75066 0 20.084 74.11017 74.11017 74.11016 74.11016 74.11018
59.608684 59.608684 59.60868 23.26341 20.084 20.084 0 74.11017 74.11017 74.11016 74.11016 74.11018
74.110234 74.110234 74.11023 74.11016 74.11017 74.11017 74.11017 0 7.53434 17.35677 17.35677 52.44939
74.110234 74.110234 74.11023 74.11016 74.11017 74.11017 74.11017 7.53434 0 17.35677 17.35677 52.44939
74.110224 74.110224 74.11022 74.11015 74.11016 74.11016 74.11016 17.35677 17.35677 0 3.95832 52.44938
74.110224 74.110224 74.11022 74.11015 74.11016 74.11016 74.11016 17.35677 17.35677 3.95832 0 52.44938
74.110244 74.110244 74.11024 74.11017 74.11018 74.11018 74.11018 52.44939 52.44939 52.44938 52.44938 0
