0 104.066 104.06603 104.06603 104.0661 124.1728 124.1728 124.1728 124.17281 124.172804 124.172804 124.17281
104.066 0 92.64803 92.64803 92.6481 124.1728 124.1728 124.1728 124.17281 124.172804 124.172804 124.17281
104.06603 92.64803 0 15.78466 48.26813 124.17283 124.17283 124.17283 124.17284 124.172834 124.172834 124.17284
104.06603 92.64803 15.78466 0 48.26813 124.17283 124.17283 124.17283 124.17284 124.172834 124.172834 124.17284
104.0661 92.6481 48.26813 48.26813 0 124.1729 124.1729 124.1729 124.17291 124.172904 124.172904 124.17291
124.1728 124.1728 124.17283 124.17283 124.1729 0 9.20108 9.20108 110.71369 110.713684 110.713684 110.71369
124.1728 124.1728 124.17283 124.17283 124.1729 9.20108 0 0.5136 110.71369 110.713684 110.713684 110.71369
124.1728 124.1728 124.17283 124.17283 124.1729 9.20108 0.5136 0 110.71369 110.713684 110.713684 110.71369
124.17281 124.17281 124.17284 124.17284 124.17291 110.71369 110.71369 110.71369 0 15.541294 15.541294 15.5413
124.172804 124.172804 124.172834 124.172834 124.172904 110.713684 110.713684 110.713684 15.541294 0 7.94194 9.360894
124.172804 124.172804 124.172834 124.172834 124.172904 110.713684 110.713684 110.713684 15.541294 7.94194 0 9.360894
124.17281 124.17281 124.17284 124.17284 124.17291 110.71369 110.71369 110.71369 15.5413 9.360894 9.360894 0
