0 7.18794 59.34497 98.51171 98.51171 98.51171 98.5117 98.5117 98.51172 98.51172 98.51173 98.51178
7.18794 0 59.34497 98.51171 98.51171 98.51171 98.5117 98.5117 98.51172 98.51172 98.51173 98.51178
59.34497 59.34497 0 98.51174 98.51174 98.51174 98.51173 98.51173 98.51175 98.51175 98.51176 98.51181
98.51171 98.51171 98.51174 0 11.7555 17.85696 41.32975 41.32975 41.32977 41.32977 83.51918 91.22333
98.51171 98.51171 98.51174 11.7555 0 17.85696 41.32975 41.32975 41.32977 41.32977 83.51918 91.22333
98.51171 98.51171 98.51174 17.85696 17.85696 0 41.32975 41.32975 41.32977 41.32977 83.51918 91.22333
98.5117 98.5117 98.51173 41.32975 41.32975 41.32975 0 21.296 36.01646 36.01646 83.51917 91.22332
98.5117 98.5117 98.51173 41.32975 41.32975 41.32975 21.296 0 36.01646 36.01646 83.51917 91.22332
98.51172 98.51172 98.51175 41.32977 41.32977 41.32977 36.01646 36.01646 0 20.8162 83.51919 91.22334
98.51172 98.51172 98.51175 41.32977 41.32977 41.32977 36.01646 36.01646 20.8162 0 83.51919 91.22334
98.51173 98.51173 98.51176 83.51918 83.51918 83.51918 83.51917 83.51917 83.51919 83.51919 0 91.22335
98.51178 98.51178 98.51181 91.22333 91.22333 91.22333 91.22332 91.22332 91.22334 91.22334 91.22335 0
