0 114.04387 114.04387 137.4958 137.49591 137.495841 137.495841 137.495861 137.495861 137.49589 137.49589 137.4959
114.04387 0 5.45294 137.49587 137.49598 137.495911 137.495911 137.495931 137.495931 137.49596 137.49596 137.49597
114.04387 5.45294 0 137.49587 137.49598 137.495911 137.495911 137.495931 137.495931 137.49596 137.49596 137.49597
137.4958 137.49587 137.49587 0 78.95051 78.950441 78.950441 78.950461 78.950461 78.95049 78.95049 78.9505
137.49591 137.49598 137.49598 78.95051 0 43.697331 43.697331 43.697351 43.697351 43.69738 43.69738 48.82561
137.495841 137.495911 137.495911 78.950441 43.697331 0 10.03202 30.39884 30.39884 31.406071 31.406071 48.825541
137.495841 137.495911 137.495911 78.950441 43.697331 10.03202 0 30.39884 30.39884 31.406071 31.406071 48.825541
137.495861 137.495931 137.495931 78.950461 43.697351 30.39884 30.39884 0 16.83168 31.406091 31.406091 48.825561
137.495861 137.495931 137.495931 78.950461 43.697351 30.39884 30.39884 16.83168 0 31.406091 31.406091 48.825561
137.49589 137.49596 137.49596 78.95049 43.69738 31.406071 31.406071 31.406091 31.406091 0 6.05852 48.82559
137.49589 137.49596 137.49596 78.95049 43.69738 31.406071 31.406071 31.406091 31.406091 6.05852 0 48.82559
137.4959 137.49597 137.49597 78.9505 48.82561 48.825541 48.825541 48.825561 48.825561 48.82559 48.82559 0
