0 8.94634 46.79497 56.19763 118.41713 118.41713 118.417129 118.417129 118.41714 118.41713 118.41713 118.41714
8.94634 0 46.79497 56.19763 118.41713 118.41713 118.417129 118.417129 118.41714 118.41713 118.41713 118.41714
46.79497 46.79497 0 56.19766 118.41716 118.41716 118.417159 118.417159 118.41717 118.41716 118.41716 118.41717
56.19763 56.19763 56.19766 0 118.4171 118.4171 118.417099 118.417099 118.41711 118.4171 118.4171 118.41711
118.41713 118.41713 118.41716 118.4171 0 72.258 72.257999 72.257999 72.25801 72.258 72.258 72.25801
118.41713 118.41713 118.41716 118.4171 72.258 0 7.698179 7.698179 34.41039 40.6256 40.6256 40.62561
118.417129 118.417129 118.417159 118.417099 72.257999 7.698179 0 0.243718 34.410389 40.625599 40.625599 40.625609
118.417129 118.417129 118.417159 118.417099 72.257999 7.698179 0.243718 0 34.410389 40.625599 40.625599 40.625609
118.41714 118.41714 118.41717 118.41711 72.25801 34.41039 34.410389 34.410389 0 40.62561 40.62561 40.62562
118.41713 118.41713 118.41716 118.4171 72.258 40.6256 40.625599 40.625599 40.62561 0 11.2727 28.38199
118.41713 118.41713 118.41716 118.4171 72.258 40.6256 40.625599 40.625599 40.62561 11.2727 0 28.38199
118.41714 118.41714 118.41717 118.41711 72.25801 40.62561 40.625609 40.625609 40.62562 28.38199 28.38199 0
