0 21.79076 21.79076 32.20871 32.20872 32.208698 32.208687 32.208687 32.208687 68.36893 68.36893 68.36897
21.79076 0 10.16732 32.20867 32.20868 32.208658 32.208647 32.208647 32.208647 68.36889 68.36889 68.36893
21.79076 10.16732 0 32.20867 32.20868 32.208658 32.208647 32.208647 32.208647 68.36889 68.36889 68.36893
32.20871 32.20867 32.20867 0 29.39181 29.391788 29.391777 29.391777 29.391777 68.3689 68.3689 68.36894
32.20872 32.20868 32.20868 29.39181 0 26.169578 26.169567 26.169567 26.169567 68.36891 68.36891 68.36895
32.208698 32.208658 32.208658 29.391788 26.169578 0 25.357989 25.357989 25.357989 68.368888 68.368888 68.368928
32.208687 32.208647 32.208647 29.391777 26.169567 25.357989 0 0.736426 1.907378 68.368877 68.368877 68.368917
32.208687 32.208647 32.208647 29.391777 26.169567 25.357989 0.736426 0 1.907378 68.368877 68.368877 68.368917
32.208687 32.208647 32.208647 29.391777 26.169567 25.357989 1.907378 1.907378 0 68.368877 68.368877 68.368917
68.36893 68.36889 68.36889 68.3689 68.36891 68.368888 68.368877 68.368877 68.368877 0 4.36846 23.68356
68.36893 68.36889 68.36889 68.3689 68.36891 68.368888 68.368877 68.368877 68.368877 4.36846 0 23.68356
68.36897 68.36893 68.36893 68.36894 68.36895 68.368928 68.368917 68.368917 68.368917 23.68356 23.68356 0
