0 16.71934 142.956684 142.956684 166.80037 166.80027 166.80031 166.80031 166.80034 166.80024 166.80027 166.80027
16.71934 0 142.956684 142.956684 166.80037 166.80027 166.80031 166.80031 166.80034 166.80024 166.80027 166.80027
142.956684 142.956684 0 1.419828 166.800314 166.800214 166.800254 166.800254 166.800284 166.800184 166.800214 166.800214
142.956684 142.956684 1.419828 0 166.800314 166.800214 166.800254 166.800254 166.800284 166.800184 166.800214 166.800214
166.80037 166.80037 166.800314 166.800314 0 130.4053 130.40534 130.40534 130.40537 130.40527 130.4053 130.4053
166.80027 166.80027 166.800214 166.800214 130.4053 0 55.90044 55.90044 78.77047 78.77037 78.7704 78.7704
166.80031 166.80031 166.800254 166.800254 130.40534 55.90044 0 3.19148 78.77051 78.77041 78.77044 78.77044
166.80031 166.80031 166.800254 166.800254 130.40534 55.90044 3.19148 0 78.77051 78.77041 78.77044 78.77044
166.80034 166.80034 166.800284 166.800284 130.40537 78.77047 78.77051 78.77051 0 63.8681 63.86813 63.86813
166.80024 166.80024 166.800184 166.800184 130.40527 78.77037 78.77041 78.77041 63.8681 0 31.79463 31.79463
166.80027 166.80027 166.800214 166.800214 130.4053 78.7704 78.77044 78.77044 63.86813 31.79463 0 14.96122
166.80027 166.80027 166.800214 166.800214 130.4053 78.7704 78.77044 78.77044 63.86813 31.79463 14.96122 0
