0 15.76466 35.970865 35.970865 35.97086 35.970858 35.970858 63.27938 63.27937 63.27939 63.27939 75.71065
15.76466 0 35.970865 35.970865 35.97086 35.970858 35.970858 63.27938 63.27937 63.27939 63.27939 75.71065
35.970865 35.970865 0 1.17707 15.595065 15.595063 15.595063 63.279385 63.279375 63.279395 63.279395 75.710655
35.970865 35.970865 1.17707 0 15.595065 15.595063 15.595063 63.279385 63.279375 63.279395 63.279395 75.710655
35.97086 35.97086 15.595065 15.595065 0 2.010918 2.010918 63.27938 63.27937 63.27939 63.27939 75.71065
35.970858 35.970858 15.595063 15.595063 2.010918 0 0.36512 63.279378 63.279368 63.279388 63.279388 75.710648
35.970858 35.970858 15.595063 15.595063 2.010918 0.36512 0 63.279378 63.279368 63.279388 63.279388 75.710648
63.27938 63.27938 63.279385 63.279385 63.27938 63.279378 63.279378 0 51.68899 51.68901 51.68901 75.71057
63.27937 63.27937 63.279375 63.279375 63.27937 63.279368 63.279368 51.68899 0 32.08922 32.08922 75.71056
63.27939 63.27939 63.279395 63.279395 63.27939 63.279388 63.279388 51.68901 32.08922 0 12.2845 75.71058
63.27939 63.27939 63.279395 63.279395 63.27939 63.279388 63.279388 51.68901 32.08922 12.2845 0 75.71058
75.71065 75.71065 75.710655 75.710655 75.71065 75.710648 75.710648 75.71057 75.71056 75.71058 75.71058 0
