0 0.866864 7.296112 50.716082 50.716082 50.716072 50.716072 50.716072 79.344742 79.344742 79.3447383 79.3447383
0.866864 0 7.296112 50.716082 50.716082 50.716072 50.716072 50.716072 79.344742 79.344742 79.3447383 79.3447383
7.296112 7.296112 0 50.71609 50.71609 50.71608 50.71608 50.71608 79.34475 79.34475 79.3447463 79.3447463
50.716082 50.716082 50.71609 0 4.21816 33.84255 33.84255 33.84255 79.34472 79.34472 79.3447163 79.3447163
50.716082 50.716082 50.71609 4.21816 0 33.84255 33.84255 33.84255 79.34472 79.34472 79.3447163 79.3447163
50.716072 50.716072 50.71608 33.84255 33.84255 0 7.3611 12.02594 79.34471 79.34471 79.3447063 79.3447063
50.716072 50.716072 50.71608 33.84255 33.84255 7.3611 0 12.02594 79.34471 79.34471 79.3447063 79.3447063
50.716072 50.716072 50.71608 33.84255 33.84255 12.02594 12.02594 0 79.34471 79.34471 79.3447063 79.3447063
79.344742 79.344742 79.34475 79.34472 79.34472 79.34471 79.34471 79.34471 0 23.3044 75.6089963 75.6089963
79.344742 79.344742 79.34475 79.34472 79.34472 79.34471 79.34471 79.34471 23.3044 0 75.6089963 75.6089963
79.3447383 79.3447383 79.3447463 79.3447163 79.3447163 79.3447063 79.3447063 79.3447063 75.6089963 75.6089963 0 0.0415926
79.3447383 79.3447383 79.3447463 79.3447163 79.3447163 79.3447063 79.3447063 79.3447063 75.6089963 75.6089963 0.0415926 0
