0 1.45365 23.302685 23.302685 23.302685 36.4536904 36.4536904 36.4536904 36.4536924 36.4536924 36.4536704 88.120425
1.45365 0 23.302685 23.302685 23.302685 36.4536904 36.4536904 36.4536904 36.4536924 36.4536924 36.4536704 88.120425
23.302685 23.302685 0 14.72726 16.81306 36.4537254 36.4537254 36.4537254 36.4537274 36.4537274 36.4537054 88.12046
23.302685 23.302685 14.72726 0 16.81306 36.4537254 36.4537254 36.4537254 36.4537274 36.4537274 36.4537054 88.12046
23.302685 23.302685 16.81306 16.81306 0 36.4537254 36.4537254 36.4537254 36.4537274 36.4537274 36.4537054 88.12046
36.4536904 36.4536904 36.4537254 36.4537254 36.4537254 0 7.16122 15.34004 15.340042 15.340042 36.28542 88.1204654
36.4536904 36.4536904 36.4537254 36.4537254 36.4537254 7.16122 0 15.34004 15.340042 15.340042 36.28542 88.1204654
36.4536904 36.4536904 36.4537254 36.4537254 36.4537254 15.34004 15.34004 0 6.998122 6.998122 36.28542 88.1204654
36.4536924 36.4536924 36.4537274 36.4537274 36.4537274 15.340042 15.340042 6.998122 0 5.71874 36.285422 88.1204674
36.4536924 36.4536924 36.4537274 36.4537274 36.4537274 15.340042 15.340042 6.998122 5.71874 0 36.285422 88.1204674
36.4536704 36.4536704 36.4537054 36.4537054 36.4537054 36.28542 36.28542 36.28542 36.285422 36.285422 0 88.1204454
88.120425 88.120425 88.12046 88.12046 88.12046 88.1204654 88.1204654 88.1204654 88.1204674 88.1204674 88.1204454 0
