0 46.51675 46.51675 54.99839 54.99842 54.99842 54.99843 54.99843 54.99844 54.99844 54.99844 54.99844
46.51675 0 32.968 54.99834 54.99837 54.99837 54.99838 54.99838 54.99839 54.99839 54.99839 54.99839
46.51675 32.968 0 54.99834 54.99837 54.99837 54.99838 54.99838 54.99839 54.99839 54.99839 54.99839
54.99839 54.99834 54.99834 0 43.88923 43.88923 43.88924 43.88924 43.88925 43.88925 43.88925 43.88925
54.99842 54.99837 54.99837 43.88923 0 2.83652 7.29529 24.08269 24.0827 24.0827 24.0827 24.0827
54.99842 54.99837 54.99837 43.88923 2.83652 0 7.29529 24.08269 24.0827 24.0827 24.0827 24.0827
54.99843 54.99838 54.99838 43.88924 7.29529 7.29529 0 24.0827 24.08271 24.08271 24.08271 24.08271
54.99843 54.99838 54.99838 43.88924 24.08269 24.08269 24.0827 0 21.11721 21.11721 21.11721 21.11721
54.99844 54.99839 54.99839 43.88925 24.0827 24.0827 24.08271 21.11721 0 7.91732 14.536 14.536
54.99844 54.99839 54.99839 43.88925 24.0827 24.0827 24.08271 21.11721 7.91732 0 14.536 14.536
54.99844 54.99839 54.99839 43.88925 24.0827 24.0827 24.08271 21.11721 14.536 14.536 0 0.83222
54.99844 54.99839 54.99839 43.88925 24.0827 24.0827 24.08271 21.11721 14.536 14.536 0.83222 0
