0 100.56876 100.56876 126.76996 126.76996 126.7699575 126.7699575 126.77008 126.77008 126.77005 126.77005 126.76999
100.56876 0 7.59072 126.76992 126.76992 126.7699175 126.7699175 126.77004 126.77004 126.77001 126.77001 126.76995
100.56876 7.59072 0 126.76992 126.76992 126.7699175 126.7699175 126.77004 126.77004 126.77001 126.77001 126.76995
126.76996 126.76992 126.76992 0 3.31594 34.5957375 34.5957375 57.68786 57.68786 57.68783 57.68783 109.55117
126.76996 126.76992 126.76992 3.31594 0 34.5957375 34.5957375 57.68786 57.68786 57.68783 57.68783 109.55117
126.7699575 126.7699175 126.7699175 34.5957375 34.5957375 0 0.177735 57.6878575 57.6878575 57.6878275 57.6878275 109.5511675
126.7699575 126.7699175 126.7699175 34.5957375 34.5957375 0.177735 0 57.6878575 57.6878575 57.6878275 57.6878275 109.5511675
126.77008 126.77004 126.77004 57.68786 57.68786 57.6878575 57.6878575 0 24.1996 34.64335 34.64335 109.55129
126.77008 126.77004 126.77004 57.68786 57.68786 57.6878575 57.6878575 24.1996 0 34.64335 34.64335 109.55129
126.77005 126.77001 126.77001 57.68783 57.68783 57.6878275 57.6878275 34.64335 34.64335 0 28.6924 109.55126
126.77005 126.77001 126.77001 57.68783 57.68783 57.6878275 57.6878275 34.64335 34.64335 28.6924 0 109.55126
126.76999 126.76995 126.76995 109.55117 109.55117 109.5511675 109.5511675 109.55129 109.55129 109.55126 109.55126 0
