0 52.42718 52.42719 52.42719 52.42723 52.42722 52.4272187 52.4272187 65.24725 65.24727 65.24727 65.24725
52.42718 0 36.87821 36.87821 36.87825 36.87824 36.8782387 36.8782387 65.24723 65.24725 65.24725 65.24723
52.42719 36.87821 0 26.5602 29.21932 29.21931 29.2193087 29.2193087 65.24724 65.24726 65.24726 65.24724
52.42719 36.87821 26.5602 0 29.21932 29.21931 29.2193087 29.2193087 65.24724 65.24726 65.24726 65.24724
52.42723 36.87825 29.21932 29.21932 0 17.06503 17.0650287 17.0650287 65.24728 65.2473 65.2473 65.24728
52.42722 36.87824 29.21931 29.21931 17.06503 0 5.7294787 5.7294787 65.24727 65.24729 65.24729 65.24727
52.4272187 36.8782387 29.2193087 29.2193087 17.0650287 5.7294787 0 0.0340774 65.2472687 65.2472887 65.2472887 65.2472687
52.4272187 36.8782387 29.2193087 29.2193087 17.0650287 5.7294787 0.0340774 0 65.2472687 65.2472887 65.2472887 65.2472687
65.24725 65.24723 65.24724 65.24724 65.24728 65.24727 65.2472687 65.2472687 0 44.27662 44.27662 44.2766
65.24727 65.24725 65.24726 65.24726 65.2473 65.24729 65.2472887 65.2472887 44.27662 0 11.35524 36.01482
65.24727 65.24725 65.24726 65.24726 65.2473 65.24729 65.2472887 65.2472887 44.27662 11.35524 0 36.01482
65.24725 65.24723 65.24724 65.24724 65.24728 65.24727 65.2472687 65.2472687 44.2766 36.01482 36.01482 0
