0 19.846619 19.846619 44.04861 44.04862 44.04862 99.10047 99.100461 99.100461 99.10041 99.10041 99.10041
19.846619 0 0.444598 44.048609 44.048619 44.048619 99.100469 99.10046 99.10046 99.100409 99.100409 99.100409
19.846619 0.444598 0 44.048609 44.048619 44.048619 99.100469 99.10046 99.10046 99.100409 99.100409 99.100409
44.04861 44.048609 44.048609 0 31.23021 31.23021 99.10046 99.100451 99.100451 99.1004 99.1004 99.1004
44.04862 44.048619 44.048619 31.23021 0 9.61242 99.10047 99.100461 99.100461 99.10041 99.10041 99.10041
44.04862 44.048619 44.048619 31.23021 9.61242 0 99.10047 99.100461 99.100461 99.10041 99.10041 99.10041
99.10047 99.100469 99.100469 99.10046 99.10047 99.10047 0 19.130311 19.130311 58.82186 58.82186 58.82186
99.100461 99.10046 99.10046 99.100451 99.100461 99.100461 19.130311 0 17.19484 58.821851 58.821851 58.821851
99.100461 99.10046 99.10046 99.100451 99.100461 99.100461 19.130311 17.19484 0 58.821851 58.821851 58.821851
99.10041 99.100409 99.100409 99.1004 99.10041 99.10041 58.82186 58.821851 58.821851 0 11.11608 22.4766
99.10041 99.100409 99.100409 99.1004 99.10041 99.10041 58.82186 58.821851 58.821851 11.11608 0 22.4766
99.10041 99.100409 99.100409 99.1004 99.10041 99.10041 58.82186 58.821851 58.821851 22.4766 22.4766 0
