0 34.03975158 34.03975158 34.03977 34.039765 34.039765 44.43585 151.54606 151.54605 151.54605 151.54601 151.54601
34.03975158 0 0.00622316 21.12704158 21.12703658 21.12703658 44.43580158 151.54601158 151.54600158 151.54600158 151.54596158 151.54596158
34.03975158 0.00622316 0 21.12704158 21.12703658 21.12703658 44.43580158 151.54601158 151.54600158 151.54600158 151.54596158 151.54596158
34.03977 21.12704158 21.12704158 0 11.616055 11.616055 44.43582 151.54603 151.54602 151.54602 151.54598 151.54598
34.039765 21.12703658 21.12703658 11.616055 0 0.55235 44.435815 151.546025 151.546015 151.546015 151.545975 151.545975
34.039765 21.12703658 21.12703658 11.616055 0.55235 0 44.435815 151.546025 151.546015 151.546015 151.545975 151.545975
44.43585 44.43580158 44.43580158 44.43582 44.435815 44.435815 0 151.54601 151.546 151.546 151.54596 151.54596
151.54606 151.54601158 151.54601158 151.54603 151.546025 151.546025 151.54601 0 11.01721 11.01721 68.90957 68.90957
151.54605 151.54600158 151.54600158 151.54602 151.546015 151.546015 151.546 11.01721 0 2.6103 68.90956 68.90956
151.54605 151.54600158 151.54600158 151.54602 151.546015 151.546015 151.546 11.01721 2.6103 0 68.90956 68.90956
151.54601 151.54596158 151.54596158 151.54598 151.545975 151.545975 151.54596 68.90957 68.90956 68.90956 0 3.62552
151.54601 151.54596158 151.54596158 151.54598 151.545975 151.545975 151.54596 68.90957 68.90956 68.90956 3.62552 0
