0 50.18743 50.18743 73.70674 73.70673 73.70673 73.706809 73.706813 73.706813 73.706799 73.706799 73.706799
50.18743 0 5.38346 73.70677 73.70676 73.70676 73.706839 73.706843 73.706843 73.706829 73.706829 73.706829
50.18743 5.38346 0 73.70677 73.70676 73.70676 73.706839 73.706843 73.706843 73.706829 73.706829 73.706829
73.70674 73.70677 73.70677 0 36.81259 36.81259 67.727069 67.727073 67.727073 67.727059 67.727059 67.727059
73.70673 73.70676 73.70676 36.81259 0 30.2724 67.727059 67.727063 67.727063 67.727049 67.727049 67.727049
73.70673 73.70676 73.70676 36.81259 30.2724 0 67.727059 67.727063 67.727063 67.727049 67.727049 67.727049
73.706809 73.706839 73.706839 67.727069 67.727059 67.727059 0 15.772624 15.772624 58.33081 58.33081 66.00661
73.706813 73.706843 73.706843 67.727073 67.727063 67.727063 15.772624 0 1.511048 58.330814 58.330814 66.006614
73.706813 73.706843 73.706843 67.727073 67.727063 67.727063 15.772624 1.511048 0 58.330814 58.330814 66.006614
73.706799 73.706829 73.706829 67.727059 67.727049 67.727049 58.33081 58.330814 58.330814 0 15.2854 66.0066
73.706799 73.706829 73.706829 67.727059 67.727049 67.727049 58.33081 58.330814 58.330814 15.2854 0 66.0066
73.706799 73.706829 73.706829 67.727059 67.727049 67.727049 66.00661 66.006614 66.006614 66.0066 66.0066 0
