0 130.17451 130.17451 130.1745 130.1746 130.1746 130.1746 130.17456 130.17456 130.17456 130.1745325 130.1745325
130.17451 0 8.23662 97.14581 97.14591 97.14591 97.14591 97.14587 97.14587 97.14587 97.1458425 97.1458425
130.17451 8.23662 0 97.14581 97.14591 97.14591 97.14591 97.14587 97.14587 97.14587 97.1458425 97.1458425
130.1745 97.14581 97.14581 0 32.0975 32.0975 67.8105 71.47146 71.47146 71.47146 71.4714325 71.4714325
130.1746 97.14591 97.14591 32.0975 0 6.5774 67.8106 71.47156 71.47156 71.47156 71.4715325 71.4715325
130.1746 97.14591 97.14591 32.0975 6.5774 0 67.8106 71.47156 71.47156 71.47156 71.4715325 71.4715325
130.1746 97.14591 97.14591 67.8105 67.8106 67.8106 0 71.47156 71.47156 71.47156 71.4715325 71.4715325
130.17456 97.14587 97.14587 71.47146 71.47156 71.47156 71.47156 0 7.49106 14.27152 49.9976925 49.9976925
130.17456 97.14587 97.14587 71.47146 71.47156 71.47156 71.47156 7.49106 0 14.27152 49.9976925 49.9976925
130.17456 97.14587 97.14587 71.47146 71.47156 71.47156 71.47156 14.27152 14.27152 0 49.9976925 49.9976925
130.1745325 97.1458425 97.1458425 71.4714325 71.4715325 71.4715325 71.4715325 49.9976925 49.9976925 49.9976925 0 0.173065
130.1745325 97.1458425 97.1458425 71.4714325 71.4715325 71.4715325 71.4715325 49.9976925 49.9976925 49.9976925 0.173065 0
