0 0.232704 8.728828 8.728828 11.248122 11.248122 32.242262 53.571262 53.571242 53.5712655 53.5712655 53.5712555
0.232704 0 8.728828 8.728828 11.248122 11.248122 32.242262 53.571262 53.571242 53.5712655 53.5712655 53.5712555
8.728828 8.728828 0 1.078292 11.248126 11.248126 32.242266 53.571266 53.571246 53.5712695 53.5712695 53.5712595
8.728828 8.728828 1.078292 0 11.248126 11.248126 32.242266 53.571266 53.571246 53.5712695 53.5712695 53.5712595
11.248122 11.248122 11.248126 11.248126 0 7.2937 32.24226 53.57126 53.57124 53.5712635 53.5712635 53.5712535
11.248122 11.248122 11.248126 11.248126 7.2937 0 32.24226 53.57126 53.57124 53.5712635 53.5712635 53.5712535
32.242262 32.242262 32.242266 32.242266 32.24226 32.24226 0 53.5712 53.57118 53.5712035 53.5712035 53.5711935
53.571262 53.571262 53.571266 53.571266 53.57126 53.57126 53.5712 0 28.57698 28.5770035 28.5770035 28.5769935
53.571242 53.571242 53.571246 53.571246 53.57124 53.57124 53.57118 28.57698 0 22.0546235 22.0546235 22.0546135
53.5712655 53.5712655 53.5712695 53.5712695 53.5712635 53.5712635 53.5712035 28.5770035 22.0546235 0 5.10306 21.87101
53.5712655 53.5712655 53.5712695 53.5712695 53.5712635 53.5712635 53.5712035 28.5770035 22.0546235 5.10306 0 21.87101
53.5712555 53.5712555 53.5712595 53.5712595 53.5712535 53.5712535 53.5711935 28.5769935 22.0546135 21.87101 21.87101 0
