0 57.92362 57.92364 57.92364 57.92358 57.92363 57.923635 57.923635 57.923632 57.923628 57.923628 57.92364
57.92362 0 55.79902 55.79902 55.79896 55.79901 55.799015 55.799015 55.799012 55.799008 55.799008 55.79902
57.92364 55.79902 0 6.15324 38.36878 38.36883 38.368835 38.368835 38.368832 38.368828 38.368828 38.36884
57.92364 55.79902 6.15324 0 38.36878 38.36883 38.368835 38.368835 38.368832 38.368828 38.368828 38.36884
57.92358 55.79896 38.36878 38.36878 0 23.11025 23.110255 23.110255 23.110252 23.110248 23.110248 33.13134
57.92363 55.79901 38.36883 38.36883 23.11025 0 7.930365 7.930365 7.930362 7.930358 7.930358 33.13139
57.923635 55.799015 38.368835 38.368835 23.110255 7.930365 0 2.61558 2.896403 3.682403 3.682403 33.131395
57.923635 55.799015 38.368835 38.368835 23.110255 7.930365 2.61558 0 2.896403 3.682403 3.682403 33.131395
57.923632 55.799012 38.368832 38.368832 23.110252 7.930362 2.896403 2.896403 0 3.6824 3.6824 33.131392
57.923628 55.799008 38.368828 38.368828 23.110248 7.930358 3.682403 3.682403 3.6824 0 0.275556 33.131388
57.923628 55.799008 38.368828 38.368828 23.110248 7.930358 3.682403 3.682403 3.6824 0.275556 0 33.131388
57.92364 55.79902 38.36884 38.36884 33.13134 33.13139 33.131395 33.131395 33.131392 33.131388 33.131388 0
