0 7.815289 7.815289 43.234914 43.234904 43.234904 43.234904 43.234904 43.234894 43.234904 43.234894 43.234894
7.815289 0 7.30722 43.234923 43.234913 43.234913 43.234913 43.234913 43.234903 43.234913 43.234903 43.234903
7.815289 7.30722 0 43.234923 43.234913 43.234913 43.234913 43.234913 43.234903 43.234913 43.234903 43.234903
43.234914 43.234923 43.234923 0 41.58359 41.58359 41.58359 41.58359 41.58358 41.58359 41.58358 41.58358
43.234904 43.234913 43.234913 41.58359 0 18.75146 37.96398 37.96398 37.96397 37.96398 37.96397 37.96397
43.234904 43.234913 43.234913 41.58359 18.75146 0 37.96398 37.96398 37.96397 37.96398 37.96397 37.96397
43.234904 43.234913 43.234913 41.58359 37.96398 37.96398 0 6.80846 20.96021 30.46992 30.46991 30.46991
43.234904 43.234913 43.234913 41.58359 37.96398 37.96398 6.80846 0 20.96021 30.46992 30.46991 30.46991
43.234894 43.234903 43.234903 41.58358 37.96397 37.96397 20.96021 20.96021 0 30.46991 30.4699 30.4699
43.234904 43.234913 43.234913 41.58359 37.96398 37.96398 30.46992 30.46992 30.46991 0 14.41243 14.41243
43.234894 43.234903 43.234903 41.58358 37.96397 37.96397 30.46991 30.46991 30.4699 14.41243 0 2.59202
43.234894 43.234903 43.234903 41.58358 37.96397 37.96397 30.46991 30.46991 30.4699 14.41243 2.59202 0
