0 23.6718 33.09985 57.17768 57.177686 57.177686 168.07945 168.079394 168.079394 168.07939 168.07945 168.07945
23.6718 0 33.09985 57.17768 57.177686 57.177686 168.07945 168.079394 168.079394 168.07939 168.07945 168.07945
33.09985 33.09985 0 57.17763 57.177636 57.177636 168.0794 168.079344 168.079344 168.07934 168.0794 168.0794
57.17768 57.17768 57.17763 0 38.075006 38.075006 168.07943 168.079374 168.079374 168.07937 168.07943 168.07943
57.177686 57.177686 57.177636 38.075006 0 0.089612 168.079436 168.07938 168.07938 168.079376 168.079436 168.079436
57.177686 57.177686 57.177636 38.075006 0.089612 0 168.079436 168.07938 168.07938 168.079376 168.079436 168.079436
168.07945 168.07945 168.0794 168.07943 168.079436 168.079436 0 48.405344 48.405344 48.40534 115.6954 115.6954
168.079394 168.079394 168.079344 168.079374 168.07938 168.07938 48.405344 0 1.099608 35.974204 115.695344 115.695344
168.079394 168.079394 168.079344 168.079374 168.07938 168.07938 48.405344 1.099608 0 35.974204 115.695344 115.695344
168.07939 168.07939 168.07934 168.07937 168.079376 168.079376 48.40534 35.974204 35.974204 0 115.69534 115.69534
168.07945 168.07945 168.0794 168.07943 168.079436 168.079436 115.6954 115.695344 115.695344 115.69534 0 54.2078
168.07945 168.07945 168.0794 168.07943 168.079436 168.079436 115.6954 115.695344 115.695344 115.69534 54.2078 0
