0 8.29666 10.120019 10.120019 76.482509 76.482509 77.565746 77.565746 77.565746 77.565746 158.047276 158.047276
8.29666 0 10.120019 10.120019 76.482509 76.482509 77.565746 77.565746 77.565746 77.565746 158.047276 158.047276
10.120019 10.120019 0 2.1125 76.48251 76.48251 77.565747 77.565747 77.565747 77.565747 158.047277 158.047277
10.120019 10.120019 2.1125 0 76.48251 76.48251 77.565747 77.565747 77.565747 77.565747 158.047277 158.047277
76.482509 76.482509 76.48251 76.48251 0 20.0482 77.565637 77.565637 77.565637 77.565637 158.047167 158.047167
76.482509 76.482509 76.48251 76.48251 20.0482 0 77.565637 77.565637 77.565637 77.565637 158.047167 158.047167
77.565746 77.565746 77.565747 77.565747 77.565637 77.565637 0 36.974 64.2776 64.2776 158.04727 158.04727
77.565746 77.565746 77.565747 77.565747 77.565637 77.565637 36.974 0 64.2776 64.2776 158.04727 158.04727
77.565746 77.565746 77.565747 77.565747 77.565637 77.565637 64.2776 64.2776 0 45.0146 158.04727 158.04727
77.565746 77.565746 77.565747 77.565747 77.565637 77.565637 64.2776 64.2776 45.0146 0 158.04727 158.04727
158.047276 158.047276 158.047277 158.047277 158.047167 158.047167 158.04727 158.04727 158.04727 158.04727 0 46.3632
158.047276 158.047276 158.047277 158.047277 158.047167 158.047167 158.04727 158.04727 158.04727 158.04727 46.3632 0
