0 21.5534 133.11416 133.1141597 133.1141597 133.11417 133.11419 133.11415 133.11415 133.11419 133.11419 133.11419
21.5534 0 133.11416 133.1141597 133.1141597 133.11417 133.11419 133.11415 133.11415 133.11419 133.11419 133.11419
133.11416 133.11416 0 3.6232797 3.6232797 6.36135 127.38137 127.38133 127.38133 127.38137 127.38137 127.38137
133.1141597 133.1141597 3.6232797 0 0.0304394 6.3613497 127.3813697 127.3813297 127.3813297 127.3813697 127.3813697 127.3813697
133.1141597 133.1141597 3.6232797 0.0304394 0 6.3613497 127.3813697 127.3813297 127.3813297 127.3813697 127.3813697 127.3813697
133.11417 133.11417 6.36135 6.3613497 6.3613497 0 127.38138 127.38134 127.38134 127.38138 127.38138 127.38138
133.11419 133.11419 127.38137 127.3813697 127.3813697 127.38138 0 67.97396 67.97396 67.974 97.601 97.601
133.11415 133.11415 127.38133 127.3813297 127.3813297 127.38134 67.97396 0 4.49198 21.21176 97.60096 97.60096
133.11415 133.11415 127.38133 127.3813297 127.3813297 127.38134 67.97396 4.49198 0 21.21176 97.60096 97.60096
133.11419 133.11419 127.38137 127.3813697 127.3813697 127.38138 67.974 21.21176 21.21176 0 97.601 97.601
133.11419 133.11419 127.38137 127.3813697 127.3813697 127.38138 97.601 97.60096 97.60096 97.601 0 62.577
133.11419 133.11419 127.38137 127.3813697 127.3813697 127.38138 97.601 97.60096 97.60096 97.601 62.577 0
