0 88.15095 88.150966 88.150966 88.150966 88.150966 88.150986 88.150986 88.150911 88.150911 88.15091 88.15091
88.15095 0 66.965616 66.965616 66.965616 66.965616 66.965636 66.965636 73.839461 73.839461 73.83946 73.83946
88.150966 66.965616 0 16.6198 16.6198 48.1962 66.30278 66.30278 73.839477 73.839477 73.839476 73.839476
88.150966 66.965616 16.6198 0 13.53682 48.1962 66.30278 66.30278 73.839477 73.839477 73.839476 73.839476
88.150966 66.965616 16.6198 13.53682 0 48.1962 66.30278 66.30278 73.839477 73.839477 73.839476 73.839476
88.150966 66.965616 48.1962 48.1962 48.1962 0 66.30278 66.30278 73.839477 73.839477 73.839476 73.839476
88.150986 66.965636 66.30278 66.30278 66.30278 66.30278 0 36.143 73.839497 73.839497 73.839496 73.839496
88.150986 66.965636 66.30278 66.30278 66.30278 66.30278 36.143 0 73.839497 73.839497 73.839496 73.839496
88.150911 73.839461 73.839477 73.839477 73.839477 73.839477 73.839497 73.839497 0 1.666942 14.375021 14.375021
88.150911 73.839461 73.839477 73.839477 73.839477 73.839477 73.839497 73.839497 1.666942 0 14.375021 14.375021
88.15091 73.83946 73.839476 73.839476 73.839476 73.839476 73.839496 73.839496 14.375021 14.375021 0 3.09598
88.15091 73.83946 73.839476 73.839476 73.839476 73.839476 73.839496 73.839496 14.375021 14.375021 3.09598 0
