0 5.61232 51.87919 51.87919 82.066622 82.066622 82.066602 82.066602 82.066602 82.066606 82.066606 82.06662
5.61232 0 51.87919 51.87919 82.066622 82.066622 82.066602 82.066602 82.066602 82.066606 82.066606 82.06662
51.87919 51.87919 0 32.423 82.066692 82.066692 82.066672 82.066672 82.066672 82.066676 82.066676 82.06669
51.87919 51.87919 32.423 0 82.066692 82.066692 82.066672 82.066672 82.066672 82.066676 82.066676 82.06669
82.066622 82.066622 82.066692 82.066692 0 6.73826 38.18044 38.18044 38.18044 38.535788 38.535788 69.365402
82.066622 82.066622 82.066692 82.066692 6.73826 0 38.18044 38.18044 38.18044 38.535788 38.535788 69.365402
82.066602 82.066602 82.066672 82.066672 38.18044 38.18044 0 12.58842 12.58842 38.535768 38.535768 69.365382
82.066602 82.066602 82.066672 82.066672 38.18044 38.18044 12.58842 0 8.3339 38.535768 38.535768 69.365382
82.066602 82.066602 82.066672 82.066672 38.18044 38.18044 12.58842 8.3339 0 38.535768 38.535768 69.365382
82.066606 82.066606 82.066676 82.066676 38.535788 38.535788 38.535768 38.535768 38.535768 0 1.662572 69.365386
82.066606 82.066606 82.066676 82.066676 38.535788 38.535788 38.535768 38.535768 38.535768 1.662572 0 69.365386
82.06662 82.06662 82.06669 82.06669 69.365402 69.365402 69.365382 69.365382 69.365382 69.365386 69.365386 0
