0 15.14082 79.21195 79.21195 86.0266 86.0266 86.0266 86.0266 86.02665 86.02665 91.22412 91.22412
15.14082 0 79.21195 79.21195 86.0266 86.0266 86.0266 86.0266 86.02665 86.02665 91.22412 91.22412
79.21195 79.21195 0 60.9222 86.02653 86.02653 86.02653 86.02653 86.02658 86.02658 91.22405 91.22405
79.21195 79.21195 60.9222 0 86.02653 86.02653 86.02653 86.02653 86.02658 86.02658 91.22405 91.22405
86.0266 86.0266 86.02653 86.02653 0 4.42986 21.99292 21.99292 37.04541 37.04541 91.22408 91.22408
86.0266 86.0266 86.02653 86.02653 4.42986 0 21.99292 21.99292 37.04541 37.04541 91.22408 91.22408
86.0266 86.0266 86.02653 86.02653 21.99292 21.99292 0 15.54858 37.04541 37.04541 91.22408 91.22408
86.0266 86.0266 86.02653 86.02653 21.99292 21.99292 15.54858 0 37.04541 37.04541 91.22408 91.22408
86.02665 86.02665 86.02658 86.02658 37.04541 37.04541 37.04541 37.04541 0 10.86546 91.22413 91.22413
86.02665 86.02665 86.02658 86.02658 37.04541 37.04541 37.04541 37.04541 10.86546 0 91.22413 91.22413
91.22412 91.22412 91.22405 91.22405 91.22408 91.22408 91.22408 91.22408 91.22413 91.22413 0 17.0269
91.22412 91.22412 91.22405 91.22405 91.22408 91.22408 91.22408 91.22408 91.22413 91.22413 17.0269 0
