0 118.258451 118.258451 118.25844 118.25844 118.25849 118.25839 118.25844 118.25844 118.25843 118.25843 118.25844
118.258451 0 0.664302 20.754491 20.754491 24.887561 48.477061 63.690291 63.690291 63.690281 63.690281 63.690291
118.258451 0.664302 0 20.754491 20.754491 24.887561 48.477061 63.690291 63.690291 63.690281 63.690281 63.690291
118.25844 20.754491 20.754491 0 3.96556 24.88755 48.47705 63.69028 63.69028 63.69027 63.69027 63.69028
118.25844 20.754491 20.754491 3.96556 0 24.88755 48.47705 63.69028 63.69028 63.69027 63.69027 63.69028
118.25849 24.887561 24.887561 24.88755 24.88755 0 48.4771 63.69033 63.69033 63.69032 63.69032 63.69033
118.25839 48.477061 48.477061 48.47705 48.47705 48.4771 0 63.69023 63.69023 63.69022 63.69022 63.69023
118.25844 63.690291 63.690291 63.69028 63.69028 63.69033 63.69023 0 31.94 58.40439 58.40439 58.4044
118.25844 63.690291 63.690291 63.69028 63.69028 63.69033 63.69023 31.94 0 58.40439 58.40439 58.4044
118.25843 63.690281 63.690281 63.69027 63.69027 63.69032 63.69022 58.40439 58.40439 0 5.22778 52.28919
118.25843 63.690281 63.690281 63.69027 63.69027 63.69032 63.69022 58.40439 58.40439 5.22778 0 52.28919
118.25844 63.690291 63.690291 63.69028 63.69028 63.69033 63.69023 58.4044 58.4044 52.28919 52.28919 0
