0 25.2872 50.7297619 50.7297619 50.7298119 50.7298119 50.7297919 50.7297719 50.7297719 50.7297919 50.7297919 50.7298219
25.2872 0 50.7297619 50.7297619 50.7298119 50.7298119 50.7297919 50.7297719 50.7297719 50.7297919 50.7297919 50.7298219
50.7297619 50.7297619 0 2.29474 26.47699 26.47699 46.58737 50.69269 50.69269 50.69271 50.69271 50.69274
50.7297619 50.7297619 2.29474 0 26.47699 26.47699 46.58737 50.69269 50.69269 50.69271 50.69271 50.69274
50.7298119 50.7298119 26.47699 26.47699 0 5.77924 46.58742 50.69274 50.69274 50.69276 50.69276 50.69279
50.7298119 50.7298119 26.47699 26.47699 5.77924 0 46.58742 50.69274 50.69274 50.69276 50.69276 50.69279
50.7297919 50.7297919 46.58737 46.58737 46.58742 46.58742 0 50.69272 50.69272 50.69274 50.69274 50.69277
50.7297719 50.7297719 50.69269 50.69269 50.69274 50.69274 50.69272 0 34.9306 43.53812 43.53812 43.53815
50.7297719 50.7297719 50.69269 50.69269 50.69274 50.69274 50.69272 34.9306 0 43.53812 43.53812 43.53815
50.7297919 50.7297919 50.69271 50.69271 50.69276 50.69276 50.69274 43.53812 43.53812 0 11.81038 20.98697
50.7297919 50.7297919 50.69271 50.69271 50.69276 50.69276 50.69274 43.53812 43.53812 11.81038 0 20.98697
50.7298219 50.7298219 50.69274 50.69274 50.69279 50.69279 50.69277 43.53815 43.53815 20.98697 20.98697 0
