0 54.36899 54.36899 54.36899 82.2756 82.2756 82.275605 82.275605 82.27557 82.27557 82.27552 82.27552
54.36899 0 3.17604 18.55218 82.27559 82.27559 82.275595 82.275595 82.27556 82.27556 82.27551 82.27551
54.36899 3.17604 0 18.55218 82.27559 82.27559 82.275595 82.275595 82.27556 82.27556 82.27551 82.27551
54.36899 18.55218 18.55218 0 82.27559 82.27559 82.275595 82.275595 82.27556 82.27556 82.27551 82.27551
82.2756 82.27559 82.27559 82.27559 0 4.25798 8.841365 8.841365 54.18493 54.18493 78.06408 78.06408
82.2756 82.27559 82.27559 82.27559 4.25798 0 8.841365 8.841365 54.18493 54.18493 78.06408 78.06408
82.275605 82.275595 82.275595 82.275595 8.841365 8.841365 0 0.63183 54.184935 54.184935 78.064085 78.064085
82.275605 82.275595 82.275595 82.275595 8.841365 8.841365 0.63183 0 54.184935 54.184935 78.064085 78.064085
82.27557 82.27556 82.27556 82.27556 54.18493 54.18493 54.184935 54.184935 0 48.8392 78.06405 78.06405
82.27557 82.27556 82.27556 82.27556 54.18493 54.18493 54.184935 54.184935 48.8392 0 78.06405 78.06405
82.27552 82.27551 82.27551 82.27551 78.06408 78.06408 78.064085 78.064085 78.06405 78.06405 0 53.7314
82.27552 82.27551 82.27551 82.27551 78.06408 78.06408 78.064085 78.064085 78.06405 78.06405 53.7314 0
