0 4.12938 201.72269 201.722741 201.722741 201.72272 201.72272 201.72268 201.72268 201.72269 201.72277 201.72277
4.12938 0 201.72269 201.722741 201.722741 201.72272 201.72272 201.72268 201.72268 201.72269 201.72277 201.72277
201.72269 201.72269 0 46.480851 46.480851 46.48083 46.48083 46.48079 46.48079 46.4808 163.97948 163.97948
201.722741 201.722741 46.480851 0 0.743242 32.348821 32.348821 39.397481 39.397481 39.397491 163.979531 163.979531
201.722741 201.722741 46.480851 0.743242 0 32.348821 32.348821 39.397481 39.397481 39.397491 163.979531 163.979531
201.72272 201.72272 46.48083 32.348821 32.348821 0 15.46798 39.39746 39.39746 39.39747 163.97951 163.97951
201.72272 201.72272 46.48083 32.348821 32.348821 15.46798 0 39.39746 39.39746 39.39747 163.97951 163.97951
201.72268 201.72268 46.48079 39.397481 39.397481 39.39746 39.39746 0 2.9337 18.54043 163.97947 163.97947
201.72268 201.72268 46.48079 39.397481 39.397481 39.39746 39.39746 2.9337 0 18.54043 163.97947 163.97947
201.72269 201.72269 46.4808 39.397491 39.397491 39.39747 39.39747 18.54043 18.54043 0 163.97948 163.97948
201.72277 201.72277 163.97948 163.979531 163.979531 163.97951 163.97951 163.97947 163.97947 163.97948 0 2.41656
201.72277 201.72277 163.97948 163.979531 163.979531 163.97951 163.97951 163.97947 163.97947 163.97948 2.41656 0
