0 35.063429 35.063429 35.063425 35.063425 35.063349 35.063349 35.063393 35.063393 35.063373 35.063373 35.063393
35.063429 0 1.345948 4.163704 4.163704 29.743028 29.743028 31.669122 31.669122 31.669102 31.669102 31.669122
35.063429 1.345948 0 4.163704 4.163704 29.743028 29.743028 31.669122 31.669122 31.669102 31.669102 31.669122
35.063425 4.163704 4.163704 0 3.1491 29.743024 29.743024 31.669118 31.669118 31.669098 31.669098 31.669118
35.063425 4.163704 4.163704 3.1491 0 29.743024 29.743024 31.669118 31.669118 31.669098 31.669098 31.669118
35.063349 29.743028 29.743028 29.743024 29.743024 0 0.366748 31.669042 31.669042 31.669022 31.669022 31.669042
35.063349 29.743028 29.743028 29.743024 29.743024 0.366748 0 31.669042 31.669042 31.669022 31.669022 31.669042
35.063393 31.669122 31.669122 31.669118 31.669118 31.669042 31.669042 0 16.08378 31.211 31.211 31.21102
35.063393 31.669122 31.669122 31.669118 31.669118 31.669042 31.669042 16.08378 0 31.211 31.211 31.21102
35.063373 31.669102 31.669102 31.669098 31.669098 31.669022 31.669022 31.211 31.211 0 2.83616 27.32978
35.063373 31.669102 31.669102 31.669098 31.669098 31.669022 31.669022 31.211 31.211 2.83616 0 27.32978
35.063393 31.669122 31.669122 31.669118 31.669118 31.669042 31.669042 31.21102 31.21102 27.32978 27.32978 0
