0 45.37462 45.37462 51.4018897 51.4018897 51.40189 51.40189 51.40189 51.40189 51.401919 51.401919 51.40192
45.37462 0 5.68624 51.4019097 51.4019097 51.40191 51.40191 51.40191 51.40191 51.401939 51.401939 51.40194
45.37462 5.68624 0 51.4019097 51.4019097 51.40191 51.40191 51.40191 51.40191 51.401939 51.401939 51.40194
51.4018897 51.4019097 51.4019097 0 0.0761194 5.1788797 19.0993997 19.0993997 43.3589997 43.3590287 43.3590287 43.3590297
51.4018897 51.4019097 51.4019097 0.0761194 0 5.1788797 19.0993997 19.0993997 43.3589997 43.3590287 43.3590287 43.3590297
51.40189 51.40191 51.40191 5.1788797 5.1788797 0 19.0994 19.0994 43.359 43.359029 43.359029 43.35903
51.40189 51.40191 51.40191 19.0993997 19.0993997 19.0994 0 15.1138 43.359 43.359029 43.359029 43.35903
51.40189 51.40191 51.40191 19.0993997 19.0993997 19.0994 15.1138 0 43.359 43.359029 43.359029 43.35903
51.40189 51.40191 51.40191 43.3589997 43.3589997 43.359 43.359 43.359 0 23.182629 23.182629 23.18263
51.401919 51.401939 51.401939 43.3590287 43.3590287 43.359029 43.359029 43.359029 23.182629 0 1.930018 11.341659
51.401919 51.401939 51.401939 43.3590287 43.3590287 43.359029 43.359029 43.359029 23.182629 1.930018 0 11.341659
51.40192 51.40194 51.40194 43.3590297 43.3590297 43.35903 43.35903 43.35903 23.18263 11.341659 11.341659 0
