0 36.37139 36.37139 36.37139 36.37139 51.4652 117.3222 117.3222 145.9813379 145.9813379 145.981343 145.981343
36.37139 0 12.09978 12.09978 12.09978 51.46519 117.32219 117.32219 145.9813279 145.9813279 145.981333 145.981333
36.37139 12.09978 0 10.05836 10.05836 51.46519 117.32219 117.32219 145.9813279 145.9813279 145.981333 145.981333
36.37139 12.09978 10.05836 0 9.32824 51.46519 117.32219 117.32219 145.9813279 145.9813279 145.981333 145.981333
36.37139 12.09978 10.05836 9.32824 0 51.46519 117.32219 117.32219 145.9813279 145.9813279 145.981333 145.981333
51.4652 51.46519 51.46519 51.46519 51.46519 0 117.3222 117.3222 145.9813379 145.9813379 145.981343 145.981343
117.3222 117.32219 117.32219 117.32219 117.32219 117.3222 0 27.6734 145.9813379 145.9813379 145.981343 145.981343
117.3222 117.32219 117.32219 117.32219 117.32219 117.3222 27.6734 0 145.9813379 145.9813379 145.981343 145.981343
145.9813379 145.9813279 145.9813279 145.9813279 145.9813279 145.9813379 145.9813379 145.9813379 0 0.1242958 3.9258809 3.9258809
145.9813379 145.9813279 145.9813279 145.9813279 145.9813279 145.9813379 145.9813379 145.9813379 0.1242958 0 3.9258809 3.9258809
145.981343 145.981333 145.981333 145.981333 145.981333 145.981343 145.981343 145.981343 3.9258809 3.9258809 0 1.949556
145.981343 145.981333 145.981333 145.981333 145.981333 145.981343 145.981343 145.981343 3.9258809 3.9258809 1.949556 0
