0 39.48466 39.48466 53.37961 53.37962 53.37962 53.37961 53.37958 53.37958 83.33077 83.3308 83.3308
39.48466 0 7.61392 53.37967 53.37968 53.37968 53.37967 53.37964 53.37964 83.33083 83.33086 83.33086
39.48466 7.61392 0 53.37967 53.37968 53.37968 53.37967 53.37964 53.37964 83.33083 83.33086 83.33086
53.37961 53.37967 53.37967 0 16.51835 16.51835 50.44474 50.44471 50.44471 83.33084 83.33087 83.33087
53.37962 53.37968 53.37968 16.51835 0 8.46746 50.44475 50.44472 50.44472 83.33085 83.33088 83.33088
53.37962 53.37968 53.37968 16.51835 8.46746 0 50.44475 50.44472 50.44472 83.33085 83.33088 83.33088
53.37961 53.37967 53.37967 50.44474 50.44475 50.44475 0 44.18577 44.18577 83.33084 83.33087 83.33087
53.37958 53.37964 53.37964 50.44471 50.44472 50.44472 44.18577 0 18.48214 83.33081 83.33084 83.33084
53.37958 53.37964 53.37964 50.44471 50.44472 50.44472 44.18577 18.48214 0 83.33081 83.33084 83.33084
83.33077 83.33083 83.33083 83.33084 83.33085 83.33085 83.33084 83.33081 83.33081 0 60.02163 60.02163
83.3308 83.33086 83.33086 83.33087 83.33088 83.33088 83.33087 83.33084 83.33084 60.02163 0 7.73346
83.3308 83.33086 83.33086 83.33087 83.33088 83.33088 83.33087 83.33084 83.33084 60.02163 7.73346 0
