0 35.203 66.93787 66.9378 66.9378 66.9378 66.9378 67.801203 67.801203 163.154503 163.154503 163.154403
35.203 0 66.93787 66.9378 66.9378 66.9378 66.9378 67.801203 67.801203 163.154503 163.154503 163.154403
66.93787 66.93787 0 61.17333 61.17333 61.17333 61.17333 67.801273 67.801273 163.154573 163.154573 163.154473
66.9378 66.9378 61.17333 0 6.9113 15.72906 15.72906 67.801203 67.801203 163.154503 163.154503 163.154403
66.9378 66.9378 61.17333 6.9113 0 15.72906 15.72906 67.801203 67.801203 163.154503 163.154503 163.154403
66.9378 66.9378 61.17333 15.72906 15.72906 0 8.72922 67.801203 67.801203 163.154503 163.154503 163.154403
66.9378 66.9378 61.17333 15.72906 15.72906 8.72922 0 67.801203 67.801203 163.154503 163.154503 163.154403
67.801203 67.801203 67.801273 67.801203 67.801203 67.801203 67.801203 0 15.77564 163.15454 163.15454 163.15444
67.801203 67.801203 67.801273 67.801203 67.801203 67.801203 67.801203 15.77564 0 163.15454 163.15454 163.15444
163.154503 163.154503 163.154573 163.154503 163.154503 163.154503 163.154503 163.15454 163.15454 0 41.9544 150.0667
163.154503 163.154503 163.154573 163.154503 163.154503 163.154503 163.154503 163.15454 163.15454 41.9544 0 150.0667
163.154403 163.154403 163.154473 163.154403 163.154403 163.154403 163.154403 163.15444 163.15444 150.0667 150.0667 0
