0 59.35537 59.35537 59.3554 99.67744 99.67744 99.6774 137.3354 137.33544 137.33544 137.33538 137.33538
59.35537 0 14.11754 34.36997 99.67741 99.67741 99.67737 137.33537 137.33541 137.33541 137.33535 137.33535
59.35537 14.11754 0 34.36997 99.67741 99.67741 99.67737 137.33537 137.33541 137.33541 137.33535 137.33535
59.3554 34.36997 34.36997 0 99.67744 99.67744 99.6774 137.3354 137.33544 137.33544 137.33538 137.33538
99.67744 99.67741 99.67741 99.67744 0 24.8124 34.04044 137.33544 137.33548 137.33548 137.33542 137.33542
99.67744 99.67741 99.67741 99.67744 24.8124 0 34.04044 137.33544 137.33548 137.33548 137.33542 137.33542
99.6774 99.67737 99.67737 99.6774 34.04044 34.04044 0 137.3354 137.33544 137.33544 137.33538 137.33538
137.3354 137.33537 137.33537 137.3354 137.33544 137.33544 137.3354 0 96.39164 96.39164 96.39158 96.39158
137.33544 137.33541 137.33541 137.33544 137.33548 137.33548 137.33544 96.39164 0 14.28488 42.90762 42.90762
137.33544 137.33541 137.33541 137.33544 137.33548 137.33548 137.33544 96.39164 14.28488 0 42.90762 42.90762
137.33538 137.33535 137.33535 137.33538 137.33542 137.33542 137.33538 96.39158 42.90762 42.90762 0 23.7434
137.33538 137.33535 137.33535 137.33538 137.33542 137.33542 137.33538 96.39158 42.90762 42.90762 23.7434 0
