0 3.383103 3.383103 3.383103 5.45353 18.19113 72.26316 72.263166 72.263166 72.263166 72.26317 72.26317
3.383103 0 2.37344 2.37344 5.453533 18.191133 72.263163 72.263169 72.263169 72.263169 72.263173 72.263173
3.383103 2.37344 0 0.487406 5.453533 18.191133 72.263163 72.263169 72.263169 72.263169 72.263173 72.263173
3.383103 2.37344 0.487406 0 5.453533 18.191133 72.263163 72.263169 72.263169 72.263169 72.263173 72.263173
5.45353 5.453533 5.453533 5.453533 0 18.19114 72.26317 72.263176 72.263176 72.263176 72.26318 72.26318
18.19113 18.191133 18.191133 18.191133 18.19114 0 72.26317 72.263176 72.263176 72.263176 72.26318 72.26318
72.26316 72.263163 72.263163 72.263163 72.26317 72.26317 0 37.044406 37.044406 37.044406 37.04441 37.04441
72.263166 72.263169 72.263169 72.263169 72.263176 72.263176 37.044406 0 1.590752 1.590752 13.569616 13.569616
72.263166 72.263169 72.263169 72.263169 72.263176 72.263176 37.044406 1.590752 0 0.67335 13.569616 13.569616
72.263166 72.263169 72.263169 72.263169 72.263176 72.263176 37.044406 1.590752 0.67335 0 13.569616 13.569616
72.26317 72.263173 72.263173 72.263173 72.26318 72.26318 37.04441 13.569616 13.569616 13.569616 0 10.90606
72.26317 72.263173 72.263173 72.263173 72.26318 72.26318 37.04441 13.569616 13.569616 13.569616 10.90606 0
