0 12.20636 114.13356 114.13356 114.133467 114.133467 114.13353 114.13351 114.13351 114.13355 114.13353 114.13353
12.20636 0 114.13356 114.13356 114.133467 114.133467 114.13353 114.13351 114.13351 114.13355 114.13353 114.13353
114.13356 114.13356 0 30.9672 94.848907 94.848907 94.84897 94.84895 94.84895 94.84899 101.00143 101.00143
114.13356 114.13356 30.9672 0 94.848907 94.848907 94.84897 94.84895 94.84895 94.84899 101.00143 101.00143
114.133467 114.133467 94.848907 94.848907 0 0.488414 46.543077 46.543057 46.543057 46.543097 101.001337 101.001337
114.133467 114.133467 94.848907 94.848907 0.488414 0 46.543077 46.543057 46.543057 46.543097 101.001337 101.001337
114.13353 114.13353 94.84897 94.84897 46.543077 46.543077 0 35.44418 35.44418 35.44422 101.0014 101.0014
114.13351 114.13351 94.84895 94.84895 46.543057 46.543057 35.44418 0 13.86432 20.73716 101.00138 101.00138
114.13351 114.13351 94.84895 94.84895 46.543057 46.543057 35.44418 13.86432 0 20.73716 101.00138 101.00138
114.13355 114.13355 94.84899 94.84899 46.543097 46.543097 35.44422 20.73716 20.73716 0 101.00142 101.00142
114.13353 114.13353 101.00143 101.00143 101.001337 101.001337 101.0014 101.00138 101.00138 101.00142 0 45.4014
114.13353 114.13353 101.00143 101.00143 101.001337 101.001337 101.0014 101.00138 101.00138 101.00142 45.4014 0
