0 15.82046 15.82046 27.83159 33.27604 76.03469 76.0346566 76.0346566 76.034657 76.03465 76.03468 76.03468
15.82046 0 9.62536 27.83159 33.27604 76.03469 76.0346566 76.0346566 76.034657 76.03465 76.03468 76.03468
15.82046 9.62536 0 27.83159 33.27604 76.03469 76.0346566 76.0346566 76.034657 76.03465 76.03468 76.03468
27.83159 27.83159 27.83159 0 33.27605 76.0347 76.0346666 76.0346666 76.034667 76.03466 76.03469 76.03469
33.27604 33.27604 33.27604 33.27605 0 76.03465 76.0346166 76.0346166 76.034617 76.03461 76.03464 76.03464
76.03469 76.03469 76.03469 76.0347 76.03465 0 26.4891666 26.4891666 26.489167 26.48916 62.78359 62.78359
76.0346566 76.0346566 76.0346566 76.0346666 76.0346166 26.4891666 0 0.0222272 0.3342936 8.2378066 62.7835566 62.7835566
76.0346566 76.0346566 76.0346566 76.0346666 76.0346166 26.4891666 0.0222272 0 0.3342936 8.2378066 62.7835566 62.7835566
76.034657 76.034657 76.034657 76.034667 76.034617 26.489167 0.3342936 0.3342936 0 8.237807 62.783557 62.783557
76.03465 76.03465 76.03465 76.03466 76.03461 26.48916 8.2378066 8.2378066 8.237807 0 62.78355 62.78355
76.03468 76.03468 76.03468 76.03469 76.03464 62.78359 62.7835566 62.7835566 62.783557 62.78355 0 19.29878
76.03468 76.03468 76.03468 76.03469 76.03464 62.78359 62.7835566 62.7835566 62.783557 62.78355 19.29878 0
