0 29.26138 29.26138 75.40001 75.40001 75.40001 89.808045 89.808045 178.946242 178.946242 178.94624 178.94631
29.26138 0 23.8094 75.39999 75.39999 75.39999 89.808025 89.808025 178.946222 178.946222 178.94622 178.94629
29.26138 23.8094 0 75.39999 75.39999 75.39999 89.808025 89.808025 178.946222 178.946222 178.94622 178.94629
75.40001 75.39999 75.39999 0 10.86122 10.86122 89.808055 89.808055 178.946252 178.946252 178.94625 178.94632
75.40001 75.39999 75.39999 10.86122 0 3.46294 89.808055 89.808055 178.946252 178.946252 178.94625 178.94632
75.40001 75.39999 75.39999 10.86122 3.46294 0 89.808055 89.808055 178.946252 178.946252 178.94625 178.94632
89.808045 89.808025 89.808025 89.808055 89.808055 89.808055 0 1.10547 178.946267 178.946267 178.946265 178.946335
89.808045 89.808025 89.808025 89.808055 89.808055 89.808055 1.10547 0 178.946267 178.946267 178.946265 178.946335
178.946242 178.946222 178.946222 178.946252 178.946252 178.946252 178.946267 178.946267 0 0.620864 4.152662 89.438932
178.946242 178.946222 178.946222 178.946252 178.946252 178.946252 178.946267 178.946267 0.620864 0 4.152662 89.438932
178.94624 178.94622 178.94622 178.94625 178.94625 178.94625 178.946265 178.946265 4.152662 4.152662 0 89.43893
178.94631 178.94629 178.94629 178.94632 178.94632 178.94632 178.946335 178.946335 89.438932 89.438932 89.43893 0
