0 73.0941799 73.0941799 73.09418 73.09414 73.094141 73.094141 73.09416 73.09416 73.09416 73.094159 73.094159
73.0941799 0 10.54726 10.7184799 64.5722399 64.5722409 64.5722409 64.5722599 64.5722599 64.5722599 64.5722589 64.5722589
73.0941799 10.54726 0 10.7184799 64.5722399 64.5722409 64.5722409 64.5722599 64.5722599 64.5722599 64.5722589 64.5722589
73.09418 10.7184799 10.7184799 0 64.57224 64.572241 64.572241 64.57226 64.57226 64.57226 64.572259 64.572259
73.09414 64.5722399 64.5722399 64.57224 0 23.261801 23.261801 23.26182 23.26182 23.26182 23.261819 23.261819
73.094141 64.5722409 64.5722409 64.572241 23.261801 0 0.285442 20.690461 20.690461 20.690461 20.69046 20.69046
73.094141 64.5722409 64.5722409 64.572241 23.261801 0.285442 0 20.690461 20.690461 20.690461 20.69046 20.69046
73.09416 64.5722599 64.5722599 64.57226 23.26182 20.690461 20.690461 0 10.8782 18.02714 18.027139 18.027139
73.09416 64.5722599 64.5722599 64.57226 23.26182 20.690461 20.690461 10.8782 0 18.02714 18.027139 18.027139
73.09416 64.5722599 64.5722599 64.57226 23.26182 20.690461 20.690461 18.02714 18.02714 0 15.332719 15.332719
73.094159 64.5722589 64.5722589 64.572259 23.261819 20.69046 20.69046 18.027139 18.027139 15.332719 0 13.71454
73.094159 64.5722589 64.5722589 64.572259 23.261819 20.69046 20.69046 18.027139 18.027139 15.332719 13.71454 0
