0 19.02258 46.32378 46.32378 46.32377 46.32373 46.32379 87.31989 87.319975 87.319975 87.319975 132.54889
19.02258 0 46.32378 46.32378 46.32377 46.32373 46.32379 87.31989 87.319975 87.319975 87.319975 132.54889
46.32378 46.32378 0 9.39314 16.72245 32.61965 35.38179 87.31989 87.319975 87.319975 87.319975 132.54889
46.32378 46.32378 9.39314 0 16.72245 32.61965 35.38179 87.31989 87.319975 87.319975 87.319975 132.54889
46.32377 46.32377 16.72245 16.72245 0 32.61964 35.38178 87.31988 87.319965 87.319965 87.319965 132.54888
46.32373 46.32373 32.61965 32.61965 32.61964 0 35.38174 87.31984 87.319925 87.319925 87.319925 132.54884
46.32379 46.32379 35.38179 35.38179 35.38178 35.38174 0 87.3199 87.319985 87.319985 87.319985 132.5489
87.31989 87.31989 87.31989 87.31989 87.31988 87.31984 87.3199 0 30.841085 30.841085 30.841085 132.5488
87.319975 87.319975 87.319975 87.319975 87.319965 87.319925 87.319985 30.841085 0 1.60317 1.60317 132.548885
87.319975 87.319975 87.319975 87.319975 87.319965 87.319925 87.319985 30.841085 1.60317 0 0.53931 132.548885
87.319975 87.319975 87.319975 87.319975 87.319965 87.319925 87.319985 30.841085 1.60317 0.53931 0 132.548885
132.54889 132.54889 132.54889 132.54889 132.54888 132.54884 132.5489 132.5488 132.548885 132.548885 132.548885 0
