0 23.8038 34.73105 74.57713 74.57706 74.57706 74.57706 74.57705 74.57705 96.62505 96.62505 98.012045
23.8038 0 34.73105 74.57713 74.57706 74.57706 74.57706 74.57705 74.57705 96.62505 96.62505 98.012045
34.73105 34.73105 0 74.57708 74.57701 74.57701 74.57701 74.577 74.577 96.625 96.625 98.011995
74.57713 74.57713 74.57708 0 68.36873 68.36873 68.36873 68.36872 68.36872 96.62508 96.62508 98.012075
74.57706 74.57706 74.57701 68.36873 0 8.66788 8.66788 26.45285 26.45285 96.62501 96.62501 98.012005
74.57706 74.57706 74.57701 68.36873 8.66788 0 5.92102 26.45285 26.45285 96.62501 96.62501 98.012005
74.57706 74.57706 74.57701 68.36873 8.66788 5.92102 0 26.45285 26.45285 96.62501 96.62501 98.012005
74.57705 74.57705 74.577 68.36872 26.45285 26.45285 26.45285 0 3.57004 96.625 96.625 98.011995
74.57705 74.57705 74.577 68.36872 26.45285 26.45285 26.45285 3.57004 0 96.625 96.625 98.011995
96.62505 96.62505 96.625 96.62508 96.62501 96.62501 96.62501 96.625 96.625 0 52.0124 98.011995
96.62505 96.62505 96.625 96.62508 96.62501 96.62501 96.62501 96.625 96.625 52.0124 0 98.011995
98.012045 98.012045 98.011995 98.012075 98.012005 98.012005 98.012005 98.011995 98.011995 98.011995 98.011995 0
