0 1.193846 21.8856805 21.8856805 21.885673 29.453543 111.473243 111.473243 111.473343 111.473323 111.473323 118.189393
1.193846 0 21.8856805 21.8856805 21.885673 29.453543 111.473243 111.473243 111.473343 111.473323 111.473323 118.189393
21.8856805 21.8856805 0 8.16478 8.2323675 29.4535775 111.4732775 111.4732775 111.4733775 111.4733575 111.4733575 118.1894275
21.8856805 21.8856805 8.16478 0 8.2323675 29.4535775 111.4732775 111.4732775 111.4733775 111.4733575 111.4733575 118.1894275
21.885673 21.885673 8.2323675 8.2323675 0 29.45357 111.47327 111.47327 111.47337 111.47335 111.47335 118.18942
29.453543 29.453543 29.4535775 29.4535775 29.45357 0 111.4733 111.4733 111.4734 111.47338 111.47338 118.18945
111.473243 111.473243 111.4732775 111.4732775 111.47327 111.4733 0 24.5612 58.8663 58.86628 58.86628 118.18935
111.473243 111.473243 111.4732775 111.4732775 111.47327 111.4733 24.5612 0 58.8663 58.86628 58.86628 118.18935
111.473343 111.473343 111.4733775 111.4733775 111.47337 111.4734 58.8663 58.8663 0 32.13518 32.13518 118.18945
111.473323 111.473323 111.4733575 111.4733575 111.47335 111.47338 58.86628 58.86628 32.13518 0 3.74576 118.18943
111.473323 111.473323 111.4733575 111.4733575 111.47335 111.47338 58.86628 58.86628 32.13518 3.74576 0 118.18943
118.189393 118.189393 118.1894275 118.1894275 118.18942 118.18945 118.18935 118.18935 118.18945 118.18943 118.18943 0
