0 37.9776 48.04706 48.04706 49.937997 80.4679226 80.4679226 80.467917 80.467917 80.467967 80.467967 80.467967
37.9776 0 48.04706 48.04706 49.937997 80.4679226 80.4679226 80.467917 80.467917 80.467967 80.467967 80.467967
48.04706 48.04706 0 28.8074 49.938017 80.4679426 80.4679426 80.467937 80.467937 80.467987 80.467987 80.467987
48.04706 48.04706 28.8074 0 49.938017 80.4679426 80.4679426 80.467937 80.467937 80.467987 80.467987 80.467987
49.937997 49.937997 49.938017 49.938017 0 80.4679256 80.4679256 80.46792 80.46792 80.46797 80.46797 80.46797
80.4679226 80.4679226 80.4679426 80.4679426 80.4679256 0 0.1317912 4.1881056 7.9751056 64.9451556 64.9451556 64.9451556
80.4679226 80.4679226 80.4679426 80.4679426 80.4679256 0.1317912 0 4.1881056 7.9751056 64.9451556 64.9451556 64.9451556
80.467917 80.467917 80.467937 80.467937 80.46792 4.1881056 4.1881056 0 7.9751 64.94515 64.94515 64.94515
80.467917 80.467917 80.467937 80.467937 80.46792 7.9751056 7.9751056 7.9751 0 64.94515 64.94515 64.94515
80.467967 80.467967 80.467987 80.467987 80.46797 64.9451556 64.9451556 64.94515 64.94515 0 6.42312 20.9048
80.467967 80.467967 80.467987 80.467987 80.46797 64.9451556 64.9451556 64.94515 64.94515 6.42312 0 20.9048
80.467967 80.467967 80.467987 80.467987 80.46797 64.9451556 64.9451556 64.94515 64.94515 20.9048 20.9048 0
