0 9.68217 9.68217 56.447374 56.447374 56.44738 82.95498 82.95504 82.95504 135.18087 135.18087 135.18088
9.68217 0 5.84706 56.447384 56.447384 56.44739 82.95499 82.95505 82.95505 135.18088 135.18088 135.18089
9.68217 5.84706 0 56.447384 56.447384 56.44739 82.95499 82.95505 82.95505 135.18088 135.18088 135.18089
56.447374 56.447384 56.447384 0 0.870748 2.919594 82.954994 82.955054 82.955054 135.180884 135.180884 135.180894
56.447374 56.447384 56.447384 0.870748 0 2.919594 82.954994 82.955054 82.955054 135.180884 135.180884 135.180894
56.44738 56.44739 56.44739 2.919594 2.919594 0 82.955 82.95506 82.95506 135.18089 135.18089 135.1809
82.95498 82.95499 82.95499 82.954994 82.954994 82.955 0 44.36186 44.36186 135.18089 135.18089 135.1809
82.95504 82.95505 82.95505 82.955054 82.955054 82.95506 44.36186 0 15.63892 135.18095 135.18095 135.18096
82.95504 82.95505 82.95505 82.955054 82.955054 82.95506 44.36186 15.63892 0 135.18095 135.18095 135.18096
135.18087 135.18088 135.18088 135.180884 135.180884 135.18089 135.18089 135.18095 135.18095 0 14.61118 57.29939
135.18087 135.18088 135.18088 135.180884 135.180884 135.18089 135.18089 135.18095 135.18095 14.61118 0 57.29939
135.18088 135.18089 135.18089 135.180894 135.180894 135.1809 135.1809 135.18096 135.18096 57.29939 57.29939 0
