0 1.877698 28.826249 38.009454 38.009454 38.009451 38.009451 38.009449 38.009448 38.009448 38.009459 38.009459
1.877698 0 28.826249 38.009454 38.009454 38.009451 38.009451 38.009449 38.009448 38.009448 38.009459 38.009459
28.826249 28.826249 0 38.009405 38.009405 38.009402 38.009402 38.0094 38.009399 38.009399 38.00941 38.00941
38.009454 38.009454 38.009405 0 7.48382 15.245957 15.245957 15.434345 15.434344 15.434344 35.959955 35.959955
38.009454 38.009454 38.009405 7.48382 0 15.245957 15.245957 15.434345 15.434344 15.434344 35.959955 35.959955
38.009451 38.009451 38.009402 15.245957 15.245957 0 1.967774 15.434342 15.434341 15.434341 35.959952 35.959952
38.009451 38.009451 38.009402 15.245957 15.245957 1.967774 0 15.434342 15.434341 15.434341 35.959952 35.959952
38.009449 38.009449 38.0094 15.434345 15.434345 15.434342 15.434342 0 8.191639 8.191639 35.95995 35.95995
38.009448 38.009448 38.009399 15.434344 15.434344 15.434341 15.434341 8.191639 0 1.125098 35.959949 35.959949
38.009448 38.009448 38.009399 15.434344 15.434344 15.434341 15.434341 8.191639 1.125098 0 35.959949 35.959949
38.009459 38.009459 38.00941 35.959955 35.959955 35.959952 35.959952 35.95995 35.959949 35.959949 0 18.7804
38.009459 38.009459 38.00941 35.959955 35.959955 35.959952 35.959952 35.95995 35.959949 35.959949 18.7804 0
