0 33.05412 33.05412 76.06675 76.06675 76.06674 76.06675 76.066749 76.066749 76.066749 76.835439 76.835439
33.05412 0 26.7384 76.06667 76.06667 76.06666 76.06667 76.066669 76.066669 76.066669 76.835359 76.835359
33.05412 26.7384 0 76.06667 76.06667 76.06666 76.06667 76.066669 76.066669 76.066669 76.835359 76.835359
76.06675 76.06667 76.06667 0 12.68306 28.54249 28.5425 28.542499 28.542499 28.542499 76.835389 76.835389
76.06675 76.06667 76.06667 12.68306 0 28.54249 28.5425 28.542499 28.542499 28.542499 76.835389 76.835389
76.06674 76.06666 76.06666 28.54249 28.54249 0 14.66041 14.660409 14.660409 14.660409 76.835379 76.835379
76.06675 76.06667 76.06667 28.5425 28.5425 14.66041 0 8.515039 8.515039 8.515039 76.835389 76.835389
76.066749 76.066669 76.066669 28.542499 28.542499 14.660409 8.515039 0 1.5712 1.791238 76.835388 76.835388
76.066749 76.066669 76.066669 28.542499 28.542499 14.660409 8.515039 1.5712 0 1.791238 76.835388 76.835388
76.066749 76.066669 76.066669 28.542499 28.542499 14.660409 8.515039 1.791238 1.791238 0 76.835388 76.835388
76.835439 76.835359 76.835359 76.835389 76.835389 76.835379 76.835389 76.835388 76.835388 76.835388 0 7.22364
76.835439 76.835359 76.835359 76.835389 76.835389 76.835379 76.835389 76.835388 76.835388 76.835388 7.22364 0
