0 7.46618 7.6493797 7.6493797 68.1315897 83.5314197 83.5314497 83.5314497 83.5314197 115.7068897 115.7068897 115.7069097
7.46618 0 7.6493797 7.6493797 68.1315897 83.5314197 83.5314497 83.5314497 83.5314197 115.7068897 115.7068897 115.7069097
7.6493797 7.6493797 0 4.83808 68.13159 83.53142 83.53145 83.53145 83.53142 115.70689 115.70689 115.70691
7.6493797 7.6493797 4.83808 0 68.13159 83.53142 83.53145 83.53145 83.53142 115.70689 115.70689 115.70691
68.1315897 68.1315897 68.13159 68.13159 0 83.53143 83.53146 83.53146 83.53143 115.7069 115.7069 115.70692
83.5314197 83.5314197 83.53142 83.53142 83.53143 0 43.11403 43.11403 72.0786 115.70689 115.70689 115.70691
83.5314497 83.5314497 83.53145 83.53145 83.53146 43.11403 0 9.82866 72.07863 115.70692 115.70692 115.70694
83.5314497 83.5314497 83.53145 83.53145 83.53146 43.11403 9.82866 0 72.07863 115.70692 115.70692 115.70694
83.5314197 83.5314197 83.53142 83.53142 83.53143 72.0786 72.07863 72.07863 0 115.70689 115.70689 115.70691
115.7068897 115.7068897 115.70689 115.70689 115.7069 115.70689 115.70692 115.70692 115.70689 0 52.2448 64.45678
115.7068897 115.7068897 115.70689 115.70689 115.7069 115.70689 115.70692 115.70692 115.70689 52.2448 0 64.45678
115.7069097 115.7069097 115.70691 115.70691 115.70692 115.70691 115.70694 115.70694 115.70691 64.45678 64.45678 0
