0 30.736 94.24125 94.241245 94.241245 94.24125 94.24122 94.24122 94.24121 94.24122 94.24122 94.24122
30.736 0 94.24125 94.241245 94.241245 94.24125 94.24122 94.24122 94.24121 94.24122 94.24122 94.24122
94.24125 94.24125 0 11.712475 11.712475 11.71248 84.12925 84.12925 84.12924 84.12925 84.12925 84.12925
94.241245 94.241245 11.712475 0 0.67275 5.009195 84.129245 84.129245 84.129235 84.129245 84.129245 84.129245
94.241245 94.241245 11.712475 0.67275 0 5.009195 84.129245 84.129245 84.129235 84.129245 84.129245 84.129245
94.24125 94.24125 11.71248 5.009195 5.009195 0 84.12925 84.12925 84.12924 84.12925 84.12925 84.12925
94.24122 94.24122 84.12925 84.129245 84.129245 84.12925 0 14.44702 37.51421 37.51422 37.51422 37.51422
94.24122 94.24122 84.12925 84.129245 84.129245 84.12925 14.44702 0 37.51421 37.51422 37.51422 37.51422
94.24121 94.24121 84.12924 84.129235 84.129235 84.12924 37.51421 37.51421 0 22.66821 22.66821 22.66821
94.24122 94.24122 84.12925 84.129245 84.129245 84.12925 37.51422 37.51422 22.66821 0 8.61372 15.72326
94.24122 94.24122 84.12925 84.129245 84.129245 84.12925 37.51422 37.51422 22.66821 8.61372 0 15.72326
94.24122 94.24122 84.12925 84.129245 84.129245 84.12925 37.51422 37.51422 22.66821 15.72326 15.72326 0
