0 14.48356 18.86224 80.727681 80.727681 80.72764 80.72764 92.2409 92.2409 92.24087 92.2408708 92.2408708
14.48356 0 18.86224 80.727681 80.727681 80.72764 80.72764 92.2409 92.2409 92.24087 92.2408708 92.2408708
18.86224 18.86224 0 80.727681 80.727681 80.72764 80.72764 92.2409 92.2409 92.24087 92.2408708 92.2408708
80.727681 80.727681 80.727681 0 1.263682 64.365641 64.365641 92.240941 92.240941 92.240911 92.2409118 92.2409118
80.727681 80.727681 80.727681 1.263682 0 64.365641 64.365641 92.240941 92.240941 92.240911 92.2409118 92.2409118
80.72764 80.72764 80.72764 64.365641 64.365641 0 4.558 92.2409 92.2409 92.24087 92.2408708 92.2408708
80.72764 80.72764 80.72764 64.365641 64.365641 4.558 0 92.2409 92.2409 92.24087 92.2408708 92.2408708
92.2409 92.2409 92.2409 92.240941 92.240941 92.2409 92.2409 0 39.6338 82.26637 82.2663708 82.2663708
92.2409 92.2409 92.2409 92.240941 92.240941 92.2409 92.2409 39.6338 0 82.26637 82.2663708 82.2663708
92.24087 92.24087 92.24087 92.240911 92.240911 92.24087 92.24087 82.26637 82.26637 0 19.5685408 19.5685408
92.2408708 92.2408708 92.2408708 92.2409118 92.2409118 92.2408708 92.2408708 82.2663708 82.2663708 19.5685408 0 0.0995416
92.2408708 92.2408708 92.2408708 92.2409118 92.2409118 92.2408708 92.2408708 82.2663708 82.2663708 19.5685408 0.0995416 0
