0 70.578 87.06603 87.0660284 87.0660284 87.06603 143.98177 143.98177 143.98177 143.98183 143.98183 143.98183
70.578 0 87.06603 87.0660284 87.0660284 87.06603 143.98177 143.98177 143.98177 143.98183 143.98183 143.98183
87.06603 87.06603 0 24.2949984 24.2949984 28.195 143.98174 143.98174 143.98174 143.9818 143.9818 143.9818
87.0660284 87.0660284 24.2949984 0 0.0545968 28.1949984 143.9817384 143.9817384 143.9817384 143.9817984 143.9817984 143.9817984
87.0660284 87.0660284 24.2949984 0.0545968 0 28.1949984 143.9817384 143.9817384 143.9817384 143.9817984 143.9817984 143.9817984
87.06603 87.06603 28.195 28.1949984 28.1949984 0 143.98174 143.98174 143.98174 143.9818 143.9818 143.9818
143.98177 143.98177 143.98174 143.9817384 143.9817384 143.98174 0 6.97928 6.97928 58.75694 58.75694 82.60894
143.98177 143.98177 143.98174 143.9817384 143.9817384 143.98174 6.97928 0 4.75824 58.75694 58.75694 82.60894
143.98177 143.98177 143.98174 143.9817384 143.9817384 143.98174 6.97928 4.75824 0 58.75694 58.75694 82.60894
143.98183 143.98183 143.9818 143.9817984 143.9817984 143.9818 58.75694 58.75694 58.75694 0 16.089 82.609
143.98183 143.98183 143.9818 143.9817984 143.9817984 143.9818 58.75694 58.75694 58.75694 16.089 0 82.609
143.98183 143.98183 143.9818 143.9817984 143.9817984 143.9818 82.60894 82.60894 82.60894 82.609 82.609 0
