0 9.67476 10.28729 10.28729 10.287284 12.096144 49.494668 49.494668 49.494698 49.494698 49.4946948 49.4946948
9.67476 0 10.28729 10.28729 10.287284 12.096144 49.494668 49.494668 49.494698 49.494698 49.4946948 49.4946948
10.28729 10.28729 0 1.332332 3.759846 12.096146 49.49467 49.49467 49.4947 49.4947 49.4946968 49.4946968
10.28729 10.28729 1.332332 0 3.759846 12.096146 49.49467 49.49467 49.4947 49.4947 49.4946968 49.4946968
10.287284 10.287284 3.759846 3.759846 0 12.09614 49.494664 49.494664 49.494694 49.494694 49.4946908 49.4946908
12.096144 12.096144 12.096146 12.096146 12.09614 0 49.494664 49.494664 49.494694 49.494694 49.4946908 49.4946908
49.494668 49.494668 49.49467 49.49467 49.494664 49.494664 0 22.2936 48.83143 48.83143 48.8314268 48.8314268
49.494668 49.494668 49.49467 49.49467 49.494664 49.494664 22.2936 0 48.83143 48.83143 48.8314268 48.8314268
49.494698 49.494698 49.4947 49.4947 49.494694 49.494694 48.83143 48.83143 0 3.11016 10.9076568 10.9076568
49.494698 49.494698 49.4947 49.4947 49.494694 49.494694 48.83143 48.83143 3.11016 0 10.9076568 10.9076568
49.4946948 49.4946948 49.4946968 49.4946968 49.4946908 49.4946908 48.8314268 48.8314268 10.9076568 10.9076568 0 10.78108
49.4946948 49.4946948 49.4946968 49.4946968 49.4946908 49.4946908 48.8314268 48.8314268 10.9076568 10.9076568 10.78108 0
