0 1.399924 26.743953 26.743953 26.743952 98.520762 135.375107 135.375107 135.375192 135.375192 135.375189 135.375189
1.399924 0 26.743953 26.743953 26.743952 98.520762 135.375107 135.375107 135.375192 135.375192 135.375189 135.375189
26.743953 26.743953 0 1.381662 11.692501 98.520791 135.375136 135.375136 135.375221 135.375221 135.375218 135.375218
26.743953 26.743953 1.381662 0 11.692501 98.520791 135.375136 135.375136 135.375221 135.375221 135.375218 135.375218
26.743952 26.743952 11.692501 11.692501 0 98.52079 135.375135 135.375135 135.37522 135.37522 135.375217 135.375217
98.520762 98.520762 98.520791 98.520791 98.52079 0 135.375145 135.375145 135.37523 135.37523 135.375227 135.375227
135.375107 135.375107 135.375136 135.375136 135.375135 135.375145 0 0.31949 118.442375 118.442375 118.442372 118.442372
135.375107 135.375107 135.375136 135.375136 135.375135 135.375145 0.31949 0 118.442375 118.442375 118.442372 118.442372
135.375192 135.375192 135.375221 135.375221 135.37522 135.37523 118.442375 118.442375 0 37.9464 47.366057 47.366057
135.375192 135.375192 135.375221 135.375221 135.37522 135.37523 118.442375 118.442375 37.9464 0 47.366057 47.366057
135.375189 135.375189 135.375218 135.375218 135.375217 135.375227 118.442372 118.442372 47.366057 47.366057 0 0.341454
135.375189 135.375189 135.375218 135.375218 135.375217 135.375227 118.442372 118.442372 47.366057 47.366057 0.341454 0
