0 24.67164 24.67164 82.4796 82.4796 100.8424 114.11121 114.111206 114.111206 114.1112 142.27788 142.27788
24.67164 0 5.438 82.47964 82.47964 100.84244 114.11125 114.111246 114.111246 114.11124 142.27792 142.27792
24.67164 5.438 0 82.47964 82.47964 100.84244 114.11125 114.111246 114.111246 114.11124 142.27792 142.27792
82.4796 82.47964 82.47964 0 35.1022 100.8424 114.11121 114.111206 114.111206 114.1112 142.27788 142.27788
82.4796 82.47964 82.47964 35.1022 0 100.8424 114.11121 114.111206 114.111206 114.1112 142.27788 142.27788
100.8424 100.84244 100.84244 100.8424 100.8424 0 114.11121 114.111206 114.111206 114.1112 142.27788 142.27788
114.11121 114.11125 114.11125 114.11121 114.11121 114.11121 0 4.713396 4.713396 16.62537 142.27785 142.27785
114.111206 114.111246 114.111246 114.111206 114.111206 114.111206 4.713396 0 3.0488 16.625366 142.277846 142.277846
114.111206 114.111246 114.111246 114.111206 114.111206 114.111206 4.713396 3.0488 0 16.625366 142.277846 142.277846
114.1112 114.11124 114.11124 114.1112 114.1112 114.1112 16.62537 16.625366 16.625366 0 142.27784 142.27784
142.27788 142.27792 142.27792 142.27788 142.27788 142.27788 142.27785 142.277846 142.277846 142.27784 0 14.26332
142.27788 142.27792 142.27792 142.27788 142.27788 142.27788 142.27785 142.277846 142.277846 142.27784 14.26332 0
