0 0.47738 75.67199 75.67194 75.67194 90.44516 90.44516 104.73976 104.73972 104.73972 161.60837 161.60837
0.47738 0 75.67199 75.67194 75.67194 90.44516 90.44516 104.73976 104.73972 104.73972 161.60837 161.60837
75.67199 75.67199 0 29.98135 29.98135 90.44517 90.44517 104.73977 104.73973 104.73973 161.60838 161.60838
75.67194 75.67194 29.98135 0 6.8273 90.44512 90.44512 104.73972 104.73968 104.73968 161.60833 161.60833
75.67194 75.67194 29.98135 6.8273 0 90.44512 90.44512 104.73972 104.73968 104.73968 161.60833 161.60833
90.44516 90.44516 90.44517 90.44512 90.44512 0 63.5356 104.7398 104.73976 104.73976 161.60841 161.60841
90.44516 90.44516 90.44517 90.44512 90.44512 63.5356 0 104.7398 104.73976 104.73976 161.60841 161.60841
104.73976 104.73976 104.73977 104.73972 104.73972 104.7398 104.7398 0 99.52176 99.52176 161.60839 161.60839
104.73972 104.73972 104.73973 104.73968 104.73968 104.73976 104.73976 99.52176 0 13.80472 161.60835 161.60835
104.73972 104.73972 104.73973 104.73968 104.73968 104.73976 104.73976 99.52176 13.80472 0 161.60835 161.60835
161.60837 161.60837 161.60838 161.60833 161.60833 161.60841 161.60841 161.60839 161.60835 161.60835 0 65.4194
161.60837 161.60837 161.60838 161.60833 161.60833 161.60841 161.60841 161.60839 161.60835 161.60835 65.4194 0
