0 1.447442 20.992801 62.206611 62.206611 62.206591 62.206631 62.206631 62.206611 62.206611 62.206611 62.206611
1.447442 0 20.992801 62.206611 62.206611 62.206591 62.206631 62.206631 62.206611 62.206611 62.206611 62.206611
20.992801 20.992801 0 62.20661 62.20661 62.20659 62.20663 62.20663 62.20661 62.20661 62.20661 62.20661
62.206611 62.206611 62.20661 0 41.4362 53.42758 53.42762 53.42762 53.4276 53.4276 53.4276 53.4276
62.206611 62.206611 62.20661 41.4362 0 53.42758 53.42762 53.42762 53.4276 53.4276 53.4276 53.4276
62.206591 62.206591 62.20659 53.42758 53.42758 0 37.85064 37.85064 37.85062 37.85062 48.29728 48.29728
62.206631 62.206631 62.20663 53.42762 53.42762 37.85064 0 16.45304 34.85246 34.85246 48.29732 48.29732
62.206631 62.206631 62.20663 53.42762 53.42762 37.85064 16.45304 0 34.85246 34.85246 48.29732 48.29732
62.206611 62.206611 62.20661 53.4276 53.4276 37.85062 34.85246 34.85246 0 2.90524 48.2973 48.2973
62.206611 62.206611 62.20661 53.4276 53.4276 37.85062 34.85246 34.85246 2.90524 0 48.2973 48.2973
62.206611 62.206611 62.20661 53.4276 53.4276 48.29728 48.29732 48.29732 48.2973 48.2973 0 19.4147
62.206611 62.206611 62.20661 53.4276 53.4276 48.29728 48.29732 48.29732 48.2973 48.2973 19.4147 0
