0 17.43439 17.43439 17.43439 99.83078 99.8307801 99.8307801 99.83077 99.83079 99.83084 99.83084 99.83089
17.43439 0 8.9044 12.17578 99.83077 99.8307701 99.8307701 99.83076 99.83078 99.83083 99.83083 99.83088
17.43439 8.9044 0 12.17578 99.83077 99.8307701 99.8307701 99.83076 99.83078 99.83083 99.83083 99.83088
17.43439 12.17578 12.17578 0 99.83077 99.8307701 99.8307701 99.83076 99.83078 99.83083 99.83083 99.83088
99.83078 99.83077 99.83077 99.83077 0 3.3683401 3.3683401 14.37709 96.10631 96.10636 96.10636 96.10641
99.8307801 99.8307701 99.8307701 99.8307701 3.3683401 0 0.1932002 14.3770901 96.1063101 96.1063601 96.1063601 96.1064101
99.8307801 99.8307701 99.8307701 99.8307701 3.3683401 0.1932002 0 14.3770901 96.1063101 96.1063601 96.1063601 96.1064101
99.83077 99.83076 99.83076 99.83076 14.37709 14.3770901 14.3770901 0 96.1063 96.10635 96.10635 96.1064
99.83079 99.83078 99.83078 99.83078 96.10631 96.1063101 96.1063101 96.1063 0 84.83965 84.83965 84.8397
99.83084 99.83083 99.83083 99.83083 96.10636 96.1063601 96.1063601 96.10635 84.83965 0 2.6315 53.44955
99.83084 99.83083 99.83083 99.83083 96.10636 96.1063601 96.1063601 96.10635 84.83965 2.6315 0 53.44955
99.83089 99.83088 99.83088 99.83088 96.10641 96.1064101 96.1064101 96.1064 84.8397 53.44955 53.44955 0
