0 40.29878435 40.29878435 158.94111 158.94111 158.9411 158.9411 158.9411578 158.9411528 158.9411518 158.9411518 158.94116
40.29878435 0 0.0061687 158.94109435 158.94109435 158.94108435 158.94108435 158.94114215 158.94113715 158.94113615 158.94113615 158.94114435
40.29878435 0.0061687 0 158.94109435 158.94109435 158.94108435 158.94108435 158.94114215 158.94113715 158.94113615 158.94113615 158.94114435
158.94111 158.94109435 158.94109435 0 3.20118 7.51321 65.21621 100.1152678 100.1152628 100.1152618 100.1152618 100.11527
158.94111 158.94109435 158.94109435 3.20118 0 7.51321 65.21621 100.1152678 100.1152628 100.1152618 100.1152618 100.11527
158.9411 158.94108435 158.94108435 7.51321 7.51321 0 65.2162 100.1152578 100.1152528 100.1152518 100.1152518 100.11526
158.9411 158.94108435 158.94108435 65.21621 65.21621 65.2162 0 100.1152578 100.1152528 100.1152518 100.1152518 100.11526
158.9411578 158.94114215 158.94114215 100.1152678 100.1152678 100.1152578 100.1152578 0 18.354355 18.354354 18.354354 18.4315178
158.9411528 158.94113715 158.94113715 100.1152628 100.1152628 100.1152528 100.1152528 18.354355 0 1.749989 1.749989 18.4315128
158.9411518 158.94113615 158.94113615 100.1152618 100.1152618 100.1152518 100.1152518 18.354354 1.749989 0 0.499784 18.4315118
158.9411518 158.94113615 158.94113615 100.1152618 100.1152618 100.1152518 100.1152518 18.354354 1.749989 0.499784 0 18.4315118
158.94116 158.94114435 158.94114435 100.11527 100.11527 100.11526 100.11526 18.4315178 18.4315128 18.4315118 18.4315118 0
