0 2.84478 56.39913 56.399121 56.399145 56.399145 56.399131 56.399125 56.399125 56.399125 56.39911 85.24479
2.84478 0 56.39913 56.399121 56.399145 56.399145 56.399131 56.399125 56.399125 56.399125 56.39911 85.24479
56.39913 56.39913 0 44.942391 44.942415 44.942415 44.942401 44.942395 44.942395 44.942395 44.94238 85.24474
56.399121 56.399121 44.942391 0 26.683024 26.683024 32.74247 32.742464 32.742464 32.742464 33.023211 85.244731
56.399145 56.399145 44.942415 26.683024 0 1.026248 32.742494 32.742488 32.742488 32.742488 33.023235 85.244755
56.399145 56.399145 44.942415 26.683024 1.026248 0 32.742494 32.742488 32.742488 32.742488 33.023235 85.244755
56.399131 56.399131 44.942401 32.74247 32.742494 32.742494 0 8.230274 8.230274 8.230274 33.023221 85.244741
56.399125 56.399125 44.942395 32.742464 32.742488 32.742488 8.230274 0 0.398814 1.483088 33.023215 85.244735
56.399125 56.399125 44.942395 32.742464 32.742488 32.742488 8.230274 0.398814 0 1.483088 33.023215 85.244735
56.399125 56.399125 44.942395 32.742464 32.742488 32.742488 8.230274 1.483088 1.483088 0 33.023215 85.244735
56.39911 56.39911 44.94238 33.023211 33.023235 33.023235 33.023221 33.023215 33.023215 33.023215 0 85.24472
85.24479 85.24479 85.24474 85.244731 85.244755 85.244755 85.244741 85.244735 85.244735 85.244735 85.24472 0
