0 0.583596 2.982478 171.242538 248.573538 248.573488 248.573488 248.573458 248.573458 248.573498 248.573498 248.573498
0.583596 0 2.982478 171.242538 248.573538 248.573488 248.573488 248.573458 248.573458 248.573498 248.573498 248.573498
2.982478 2.982478 0 171.24254 248.57354 248.57349 248.57349 248.57346 248.57346 248.5735 248.5735 248.5735
171.242538 171.242538 171.24254 0 248.5736 248.57355 248.57355 248.57352 248.57352 248.57356 248.57356 248.57356
248.573538 248.573538 248.57354 248.5736 0 139.88495 139.88495 139.88492 139.88492 139.88496 139.88496 139.88496
248.573488 248.573488 248.57349 248.57355 139.88495 0 12.2055 42.92187 42.92187 42.92191 42.92191 42.92191
248.573488 248.573488 248.57349 248.57355 139.88495 12.2055 0 42.92187 42.92187 42.92191 42.92191 42.92191
248.573458 248.573458 248.57346 248.57352 139.88492 42.92187 42.92187 0 11.40004 32.16988 32.16988 32.16988
248.573458 248.573458 248.57346 248.57352 139.88492 42.92187 42.92187 11.40004 0 32.16988 32.16988 32.16988
248.573498 248.573498 248.5735 248.57356 139.88496 42.92191 42.92191 32.16988 32.16988 0 19.3241 19.3241
248.573498 248.573498 248.5735 248.57356 139.88496 42.92191 42.92191 32.16988 32.16988 19.3241 0 16.45288
248.573498 248.573498 248.5735 248.57356 139.88496 42.92191 42.92191 32.16988 32.16988 19.3241 16.45288 0
