0 21.12317 21.123171 21.123171 21.123179 21.123179 21.12318 21.12318 27.11665 27.116646 27.116651 27.116651
21.12317 0 12.972661 12.972661 17.950049 17.950049 17.95005 17.95005 27.11662 27.116616 27.116621 27.116621
21.123171 12.972661 0 0.527522 17.95005 17.95005 17.950051 17.950051 27.116621 27.116617 27.116622 27.116622
21.123171 12.972661 0.527522 0 17.95005 17.95005 17.950051 17.950051 27.116621 27.116617 27.116622 27.116622
21.123179 17.950049 17.95005 17.95005 0 0.235978 15.071119 15.071119 27.116629 27.116625 27.11663 27.11663
21.123179 17.950049 17.95005 17.95005 0.235978 0 15.071119 15.071119 27.116629 27.116625 27.11663 27.11663
21.12318 17.95005 17.950051 17.950051 15.071119 15.071119 0 2.29576 27.11663 27.116626 27.116631 27.116631
21.12318 17.95005 17.950051 17.950051 15.071119 15.071119 2.29576 0 27.11663 27.116626 27.116631 27.116631
27.11665 27.11662 27.116621 27.116621 27.116629 27.116629 27.11663 27.11663 0 2.861596 2.861601 2.861601
27.116646 27.116616 27.116617 27.116617 27.116625 27.116625 27.116626 27.116626 2.861596 0 2.499645 2.499645
27.116651 27.116621 27.116622 27.116622 27.11663 27.11663 27.116631 27.116631 2.861601 2.499645 0 0.717472
27.116651 27.116621 27.116622 27.116622 27.11663 27.11663 27.116631 27.116631 2.861601 2.499645 0.717472 0
