0 53.329786 53.329756 53.329756 53.3298017 53.3298017 53.329804 53.329818 53.329818 53.329756 53.329755 53.329755
53.329786 0 41.92697 41.92697 41.9270157 41.9270157 41.927018 41.927032 41.927032 52.21743 52.217429 52.217429
53.329756 41.92697 0 21.7854 25.6016257 25.6016257 25.601628 25.601642 25.601642 52.2174 52.217399 52.217399
53.329756 41.92697 21.7854 0 25.6016257 25.6016257 25.601628 25.601642 25.601642 52.2174 52.217399 52.217399
53.3298017 41.9270157 25.6016257 25.6016257 0 0.0692554 17.2552977 24.0075117 24.0075117 52.2174457 52.2174447 52.2174447
53.3298017 41.9270157 25.6016257 25.6016257 0.0692554 0 17.2552977 24.0075117 24.0075117 52.2174457 52.2174447 52.2174447
53.329804 41.927018 25.601628 25.601628 17.2552977 17.2552977 0 24.007514 24.007514 52.217448 52.217447 52.217447
53.329818 41.927032 25.601642 25.601642 24.0075117 24.0075117 24.007514 0 0.682528 52.217462 52.217461 52.217461
53.329818 41.927032 25.601642 25.601642 24.0075117 24.0075117 24.007514 0.682528 0 52.217462 52.217461 52.217461
53.329756 52.21743 52.2174 52.2174 52.2174457 52.2174457 52.217448 52.217462 52.217462 0 21.496199 21.496199
53.329755 52.217429 52.217399 52.217399 52.2174447 52.2174447 52.217447 52.217461 52.217461 21.496199 0 1.013198
53.329755 52.217429 52.217399 52.217399 52.2174447 52.2174447 52.217447 52.217461 52.217461 21.496199 1.013198 0
