0 95.53093 95.53089 95.53089 95.53086 95.53081 95.5308106 95.5308106 95.53081 95.5308099 95.5308099 129.547
95.53093 0 27.04196 27.04196 27.04193 53.16948 53.1694806 53.1694806 92.41648 92.4164799 92.4164799 129.54713
95.53089 27.04196 0 3.3364 20.85063 53.16944 53.1694406 53.1694406 92.41644 92.4164399 92.4164399 129.54709
95.53089 27.04196 3.3364 0 20.85063 53.16944 53.1694406 53.1694406 92.41644 92.4164399 92.4164399 129.54709
95.53086 27.04193 20.85063 20.85063 0 53.16941 53.1694106 53.1694106 92.41641 92.4164099 92.4164099 129.54706
95.53081 53.16948 53.16944 53.16944 53.16941 0 6.3409606 6.3409606 92.41636 92.4163599 92.4163599 129.54701
95.5308106 53.1694806 53.1694406 53.1694406 53.1694106 6.3409606 0 6.21958 92.4163606 92.4163605 92.4163605 129.5470106
95.5308106 53.1694806 53.1694406 53.1694406 53.1694106 6.3409606 6.21958 0 92.4163606 92.4163605 92.4163605 129.5470106
95.53081 92.41648 92.41644 92.41644 92.41641 92.41636 92.4163606 92.4163606 0 8.6097599 8.6097599 129.54701
95.5308099 92.4164799 92.4164399 92.4164399 92.4164099 92.4163599 92.4163605 92.4163605 8.6097599 0 0.1030598 129.5470099
95.5308099 92.4164799 92.4164399 92.4164399 92.4164099 92.4163599 92.4163605 92.4163605 8.6097599 0.1030598 0 129.5470099
129.547 129.54713 129.54709 129.54709 129.54706 129.54701 129.5470106 129.5470106 129.54701 129.5470099 129.5470099 0
