0 12.72138 12.721379 12.721379 39.26599 39.26599 124.31063 124.31063 124.310603 124.310603 124.31065 165.22219
12.72138 0 6.642779 6.642779 39.26599 39.26599 124.31063 124.31063 124.310603 124.310603 124.31065 165.22219
12.721379 6.642779 0 0.429398 39.265989 39.265989 124.310629 124.310629 124.310602 124.310602 124.310649 165.222189
12.721379 6.642779 0.429398 0 39.265989 39.265989 124.310629 124.310629 124.310602 124.310602 124.310649 165.222189
39.26599 39.26599 39.265989 39.265989 0 19.97906 124.31064 124.31064 124.310613 124.310613 124.31066 165.2222
39.26599 39.26599 39.265989 39.265989 19.97906 0 124.31064 124.31064 124.310613 124.310613 124.31066 165.2222
124.31063 124.31063 124.310629 124.310629 124.31064 124.31064 0 107.1446 107.144573 107.144573 107.14462 165.22224
124.31063 124.31063 124.310629 124.310629 124.31064 124.31064 107.1446 0 35.427173 35.427173 35.42722 165.22224
124.310603 124.310603 124.310602 124.310602 124.310613 124.310613 107.144573 35.427173 0 0.263906 25.572153 165.222213
124.310603 124.310603 124.310602 124.310602 124.310613 124.310613 107.144573 35.427173 0.263906 0 25.572153 165.222213
124.31065 124.31065 124.310649 124.310649 124.31066 124.31066 107.14462 35.42722 25.572153 25.572153 0 165.22226
165.22219 165.22219 165.222189 165.222189 165.2222 165.2222 165.22224 165.22224 165.222213 165.222213 165.22226 0
