0 15.821337 15.821337 17.202761 17.202761 102.164963 102.164962 102.164962 102.164962 102.1649538 102.1649538 102.164953
15.821337 0 0.474174 17.202758 17.202758 102.16496 102.164959 102.164959 102.164959 102.1649508 102.1649508 102.16495
15.821337 0.474174 0 17.202758 17.202758 102.16496 102.164959 102.164959 102.164959 102.1649508 102.1649508 102.16495
17.202761 17.202758 17.202758 0 0.676616 102.164958 102.164957 102.164957 102.164957 102.1649488 102.1649488 102.164948
17.202761 17.202758 17.202758 0.676616 0 102.164958 102.164957 102.164957 102.164957 102.1649488 102.1649488 102.164948
102.164963 102.16496 102.16496 102.164958 102.164958 0 18.999359 18.999359 18.999359 18.9993508 18.9993508 18.99935
102.164962 102.164959 102.164959 102.164957 102.164957 18.999359 0 15.56218 15.56218 16.9471498 16.9471498 16.947149
102.164962 102.164959 102.164959 102.164957 102.164957 18.999359 15.56218 0 11.20102 16.9471498 16.9471498 16.947149
102.164962 102.164959 102.164959 102.164957 102.164957 18.999359 15.56218 11.20102 0 16.9471498 16.9471498 16.947149
102.1649538 102.1649508 102.1649508 102.1649488 102.1649488 18.9993508 16.9471498 16.9471498 16.9471498 0 9.01214 9.0464008
102.1649538 102.1649508 102.1649508 102.1649488 102.1649488 18.9993508 16.9471498 16.9471498 16.9471498 9.01214 0 9.0464008
102.164953 102.16495 102.16495 102.164948 102.164948 18.99935 16.947149 16.947149 16.947149 9.0464008 9.0464008 0
