0 2.88372 14.49374 14.49374 61.47589 61.475895 61.475895 61.475917 61.475917 61.47591 61.47591 61.47596
2.88372 0 14.49374 14.49374 61.47589 61.475895 61.475895 61.475917 61.475917 61.47591 61.47591 61.47596
14.49374 14.49374 0 6.94402 61.47589 61.475895 61.475895 61.475917 61.475917 61.47591 61.47591 61.47596
14.49374 14.49374 6.94402 0 61.47589 61.475895 61.475895 61.475917 61.475917 61.47591 61.47591 61.47596
61.47589 61.47589 61.47589 61.47589 0 10.283665 10.283665 32.756087 32.756087 32.75608 32.75608 59.18333
61.475895 61.475895 61.475895 61.475895 10.283665 0 1.56057 32.756092 32.756092 32.756085 32.756085 59.183335
61.475895 61.475895 61.475895 61.475895 10.283665 1.56057 0 32.756092 32.756092 32.756085 32.756085 59.183335
61.475917 61.475917 61.475917 61.475917 32.756087 32.756092 32.756092 0 0.791174 18.834327 18.834327 59.183357
61.475917 61.475917 61.475917 61.475917 32.756087 32.756092 32.756092 0.791174 0 18.834327 18.834327 59.183357
61.47591 61.47591 61.47591 61.47591 32.75608 32.756085 32.756085 18.834327 18.834327 0 2.21886 59.18335
61.47591 61.47591 61.47591 61.47591 32.75608 32.756085 32.756085 18.834327 18.834327 2.21886 0 59.18335
61.47596 61.47596 61.47596 61.47596 59.18333 59.183335 59.183335 59.183357 59.183357 59.18335 59.18335 0
