0 0.1249614 81.1847127 81.1847127 87.6155707 94.4656407 94.4656407 113.3829607 113.3829607 113.3829907 113.3829907 113.3830007
0.1249614 0 81.1847127 81.1847127 87.6155707 94.4656407 94.4656407 113.3829607 113.3829607 113.3829907 113.3829907 113.3830007
81.1847127 81.1847127 0 1.769264 87.615522 94.465592 94.465592 113.382912 113.382912 113.382942 113.382942 113.382952
81.1847127 81.1847127 1.769264 0 87.615522 94.465592 94.465592 113.382912 113.382912 113.382942 113.382942 113.382952
87.6155707 87.6155707 87.615522 87.615522 0 94.46567 94.46567 113.38299 113.38299 113.38302 113.38302 113.38303
94.4656407 94.4656407 94.465592 94.465592 94.46567 0 0.86958 113.3829 113.3829 113.38293 113.38293 113.38294
94.4656407 94.4656407 94.465592 94.465592 94.46567 0.86958 0 113.3829 113.3829 113.38293 113.38293 113.38294
113.3829607 113.3829607 113.382912 113.382912 113.38299 113.3829 113.3829 0 29.7524 40.07175 40.07175 91.19796
113.3829607 113.3829607 113.382912 113.382912 113.38299 113.3829 113.3829 29.7524 0 40.07175 40.07175 91.19796
113.3829907 113.3829907 113.382942 113.382942 113.38302 113.38293 113.38293 40.07175 40.07175 0 36.453 91.19799
113.3829907 113.3829907 113.382942 113.382942 113.38302 113.38293 113.38293 40.07175 40.07175 36.453 0 91.19799
113.3830007 113.3830007 113.382952 113.382952 113.38303 113.38294 113.38294 91.19796 91.19796 91.19799 91.19799 0
