0 33.79935 33.79931 33.79935 33.79936 33.79936 33.79936 33.79936 33.79936 47.47883 47.47883 47.47884
33.79935 0 29.70096 29.701 29.70101 29.70101 29.70101 29.70101 29.70101 47.47878 47.47878 47.47879
33.79931 29.70096 0 21.03624 21.03625 21.03625 21.03625 21.03625 21.03625 47.47874 47.47874 47.47875
33.79935 29.701 21.03624 0 15.38569 15.38569 15.38569 15.38569 15.38569 47.47878 47.47878 47.47879
33.79936 29.70101 21.03625 15.38569 0 5.78586 11.01998 11.01998 11.01998 47.47879 47.47879 47.4788
33.79936 29.70101 21.03625 15.38569 5.78586 0 11.01998 11.01998 11.01998 47.47879 47.47879 47.4788
33.79936 29.70101 21.03625 15.38569 11.01998 11.01998 0 8.44222 8.44222 47.47879 47.47879 47.4788
33.79936 29.70101 21.03625 15.38569 11.01998 11.01998 8.44222 0 1.52058 47.47879 47.47879 47.4788
33.79936 29.70101 21.03625 15.38569 11.01998 11.01998 8.44222 1.52058 0 47.47879 47.47879 47.4788
47.47883 47.47878 47.47874 47.47878 47.47879 47.47879 47.47879 47.47879 47.47879 0 14.94228 21.46719
47.47883 47.47878 47.47874 47.47878 47.47879 47.47879 47.47879 47.47879 47.47879 14.94228 0 21.46719
47.47884 47.47879 47.47875 47.47879 47.4788 47.4788 47.4788 47.4788 47.4788 21.46719 21.46719 0
