0 10.72981 10.72981 225.7936 225.7936 225.793551 225.793551 225.79355 225.79353 225.79353 225.79354 225.79354
10.72981 0 3.47234 225.79359 225.79359 225.793541 225.793541 225.79354 225.79352 225.79352 225.79353 225.79353
10.72981 3.47234 0 225.79359 225.79359 225.793541 225.793541 225.79354 225.79352 225.79352 225.79353 225.79353
225.7936 225.79359 225.79359 0 14.84858 72.884531 72.884531 72.88453 194.43451 194.43451 194.43452 194.43452
225.7936 225.79359 225.79359 14.84858 0 72.884531 72.884531 72.88453 194.43451 194.43451 194.43452 194.43452
225.793551 225.793541 225.793541 72.884531 72.884531 0 8.96642 9.166681 194.434461 194.434461 194.434471 194.434471
225.793551 225.793541 225.793541 72.884531 72.884531 8.96642 0 9.166681 194.434461 194.434461 194.434471 194.434471
225.79355 225.79354 225.79354 72.88453 72.88453 9.166681 9.166681 0 194.43446 194.43446 194.43447 194.43447
225.79353 225.79352 225.79352 194.43451 194.43451 194.434461 194.434461 194.43446 0 11.37618 29.38065 29.38065
225.79353 225.79352 225.79352 194.43451 194.43451 194.434461 194.434461 194.43446 11.37618 0 29.38065 29.38065
225.79354 225.79353 225.79353 194.43452 194.43452 194.434471 194.434471 194.43447 29.38065 29.38065 0 17.54202
225.79354 225.79353 225.79353 194.43452 194.43452 194.434471 194.434471 194.43447 29.38065 29.38065 17.54202 0
