0 6.36748 132.57514 132.57514 132.575154 132.575104 132.575136 132.575136 132.575024 132.575024 132.575054 132.575054
6.36748 0 132.57514 132.57514 132.575154 132.575104 132.575136 132.575136 132.575024 132.575024 132.575054 132.575054
132.57514 132.57514 0 43.5478 96.164814 96.164764 96.164796 96.164796 96.164684 96.164684 96.164714 96.164714
132.57514 132.57514 43.5478 0 96.164814 96.164764 96.164796 96.164796 96.164684 96.164684 96.164714 96.164714
132.575154 132.575154 96.164814 96.164814 0 54.71355 54.713582 54.713582 95.76947 95.76947 95.7695 95.7695
132.575104 132.575104 96.164764 96.164764 54.71355 0 40.229632 40.229632 95.76942 95.76942 95.76945 95.76945
132.575136 132.575136 96.164796 96.164796 54.713582 40.229632 0 1.368664 95.769452 95.769452 95.769482 95.769482
132.575136 132.575136 96.164796 96.164796 54.713582 40.229632 1.368664 0 95.769452 95.769452 95.769482 95.769482
132.575024 132.575024 96.164684 96.164684 95.76947 95.76942 95.769452 95.769452 0 10.12754 49.25997 49.25997
132.575024 132.575024 96.164684 96.164684 95.76947 95.76942 95.769452 95.769452 10.12754 0 49.25997 49.25997
132.575054 132.575054 96.164714 96.164714 95.7695 95.76945 95.769482 95.769482 49.25997 49.25997 0 21.5364
132.575054 132.575054 96.164714 96.164714 95.7695 95.76945 95.769482 95.769482 49.25997 49.25997 21.5364 0
