0 2.2727 5.59356 65.64237 65.64244 65.64244 65.64237 65.64237 81.40542 81.40542 81.4054 81.4054
2.2727 0 5.59356 65.64237 65.64244 65.64244 65.64237 65.64237 81.40542 81.40542 81.4054 81.4054
5.59356 5.59356 0 65.64237 65.64244 65.64244 65.64237 65.64237 81.40542 81.40542 81.4054 81.4054
65.64237 65.64237 65.64237 0 47.36747 47.36747 51.01484 51.01484 81.40543 81.40543 81.40541 81.40541
65.64244 65.64244 65.64244 47.36747 0 15.34854 51.01491 51.01491 81.4055 81.4055 81.40548 81.40548
65.64244 65.64244 65.64244 47.36747 15.34854 0 51.01491 51.01491 81.4055 81.4055 81.40548 81.40548
65.64237 65.64237 65.64237 51.01484 51.01491 51.01491 0 36.1998 81.40543 81.40543 81.40541 81.40541
65.64237 65.64237 65.64237 51.01484 51.01491 51.01491 36.1998 0 81.40543 81.40543 81.40541 81.40541
81.40542 81.40542 81.40542 81.40543 81.4055 81.4055 81.40543 81.40543 0 44.3936 44.39358 44.39358
81.40542 81.40542 81.40542 81.40543 81.4055 81.4055 81.40543 81.40543 44.3936 0 22.14198 22.14198
81.4054 81.4054 81.4054 81.40541 81.40548 81.40548 81.40541 81.40541 44.39358 22.14198 0 16.66814
81.4054 81.4054 81.4054 81.40541 81.40548 81.40548 81.40541 81.40541 44.39358 22.14198 16.66814 0
