0 14.66979 14.66979 26.95439 80.09911 80.09911 80.09919 80.09919 80.099168 80.099168 80.09915 80.09915
14.66979 0 7.95408 26.95438 80.0991 80.0991 80.09918 80.09918 80.099158 80.099158 80.09914 80.09914
14.66979 7.95408 0 26.95438 80.0991 80.0991 80.09918 80.09918 80.099158 80.099158 80.09914 80.09914
26.95439 26.95438 26.95438 0 80.09912 80.09912 80.0992 80.0992 80.099178 80.099178 80.09916 80.09916
80.09911 80.0991 80.0991 80.09912 0 23.2614 64.07808 64.07808 64.078058 64.078058 64.07804 64.07804
80.09911 80.0991 80.0991 80.09912 23.2614 0 64.07808 64.07808 64.078058 64.078058 64.07804 64.07804
80.09919 80.09918 80.09918 80.0992 64.07808 64.07808 0 3.49218 50.873958 50.873958 50.87394 50.87394
80.09919 80.09918 80.09918 80.0992 64.07808 64.07808 3.49218 0 50.873958 50.873958 50.87394 50.87394
80.099168 80.099158 80.099158 80.099178 64.078058 64.078058 50.873958 50.873958 0 1.662316 39.041098 39.041098
80.099168 80.099158 80.099158 80.099178 64.078058 64.078058 50.873958 50.873958 1.662316 0 39.041098 39.041098
80.09915 80.09914 80.09914 80.09916 64.07804 64.07804 50.87394 50.87394 39.041098 39.041098 0 22.6118
80.09915 80.09914 80.09914 80.09916 64.07804 64.07804 50.87394 50.87394 39.041098 39.041098 22.6118 0
