0 28.6232 45.09582 45.09582 45.09582 45.09582 62.35181 62.35181 62.35181 62.35181 62.351852 62.351852
28.6232 0 45.09582 45.09582 45.09582 45.09582 62.35181 62.35181 62.35181 62.35181 62.351852 62.351852
45.09582 45.09582 0 6.44738 26.01506 26.01506 62.35183 62.35183 62.35183 62.35183 62.351872 62.351872
45.09582 45.09582 6.44738 0 26.01506 26.01506 62.35183 62.35183 62.35183 62.35183 62.351872 62.351872
45.09582 45.09582 26.01506 26.01506 0 8.67294 62.35183 62.35183 62.35183 62.35183 62.351872 62.351872
45.09582 45.09582 26.01506 26.01506 8.67294 0 62.35183 62.35183 62.35183 62.35183 62.351872 62.351872
62.35181 62.35181 62.35183 62.35183 62.35183 62.35183 0 1.13104 18.88784 18.88784 27.852062 27.852062
62.35181 62.35181 62.35183 62.35183 62.35183 62.35183 1.13104 0 18.88784 18.88784 27.852062 27.852062
62.35181 62.35181 62.35183 62.35183 62.35183 62.35183 18.88784 18.88784 0 3.54548 27.852062 27.852062
62.35181 62.35181 62.35183 62.35183 62.35183 62.35183 18.88784 18.88784 3.54548 0 27.852062 27.852062
62.351852 62.351852 62.351872 62.351872 62.351872 62.351872 27.852062 27.852062 27.852062 27.852062 0 27.1294
62.351852 62.351852 62.351872 62.351872 62.351872 62.351872 27.852062 27.852062 27.852062 27.852062 27.1294 0
