0 29.362 52.2902 101.418053 101.418053 101.41805 101.41803 101.418029 101.418029 101.41803 101.41803 101.41809
29.362 0 52.2902 101.418053 101.418053 101.41805 101.41803 101.418029 101.418029 101.41803 101.41803 101.41809
52.2902 52.2902 0 101.418053 101.418053 101.41805 101.41803 101.418029 101.418029 101.41803 101.41803 101.41809
101.418053 101.418053 101.418053 0 8.44702 9.917323 88.938903 88.938902 88.938902 88.938903 88.938903 88.938963
101.418053 101.418053 101.418053 8.44702 0 9.917323 88.938903 88.938902 88.938902 88.938903 88.938903 88.938963
101.41805 101.41805 101.41805 9.917323 9.917323 0 88.9389 88.938899 88.938899 88.9389 88.9389 88.93896
101.41803 101.41803 101.41803 88.938903 88.938903 88.9389 0 13.844879 13.844879 13.84488 16.33248 56.37154
101.418029 101.418029 101.418029 88.938902 88.938902 88.938899 13.844879 0 0.259018 10.790899 16.332479 56.371539
101.418029 101.418029 101.418029 88.938902 88.938902 88.938899 13.844879 0.259018 0 10.790899 16.332479 56.371539
101.41803 101.41803 101.41803 88.938903 88.938903 88.9389 13.84488 10.790899 10.790899 0 16.33248 56.37154
101.41803 101.41803 101.41803 88.938903 88.938903 88.9389 16.33248 16.332479 16.332479 16.33248 0 56.37154
101.41809 101.41809 101.41809 88.938963 88.938963 88.93896 56.37154 56.371539 56.371539 56.37154 56.37154 0
