0 48.80076 48.80074 48.80074 78.637 95.523818 95.52386 95.52386 95.523858 95.523819 95.523869 95.523869
48.80076 0 43.96158 43.96158 78.63696 95.523778 95.52382 95.52382 95.523818 95.523779 95.523829 95.523829
48.80074 43.96158 0 12.14396 78.63694 95.523758 95.5238 95.5238 95.523798 95.523759 95.523809 95.523809
48.80074 43.96158 12.14396 0 78.63694 95.523758 95.5238 95.5238 95.523798 95.523759 95.523809 95.523809
78.637 78.63696 78.63694 78.63694 0 95.523818 95.52386 95.52386 95.523858 95.523819 95.523869 95.523869
95.523818 95.523778 95.523758 95.523758 95.523818 0 22.090242 22.090242 22.09024 22.818557 22.818607 22.818607
95.52386 95.52382 95.5238 95.5238 95.52386 22.090242 0 1.905684 11.353762 22.818599 22.818649 22.818649
95.52386 95.52382 95.5238 95.5238 95.52386 22.090242 1.905684 0 11.353762 22.818599 22.818649 22.818649
95.523858 95.523818 95.523798 95.523798 95.523858 22.09024 11.353762 11.353762 0 22.818597 22.818647 22.818647
95.523819 95.523779 95.523759 95.523759 95.523819 22.818557 22.818599 22.818599 22.818597 0 22.50625 22.50625
95.523869 95.523829 95.523809 95.523809 95.523869 22.818607 22.818649 22.818649 22.818647 22.50625 0 10.61986
95.523869 95.523829 95.523809 95.523809 95.523869 22.818607 22.818649 22.818649 22.818647 22.50625 10.61986 0
