0 17.52172 35.42044 80.810354 80.810359 80.810359 80.81036 80.81034 114.51009 114.51009 114.51013 114.51013
17.52172 0 35.42044 80.810354 80.810359 80.810359 80.81036 80.81034 114.51009 114.51009 114.51013 114.51013
35.42044 35.42044 0 80.810314 80.810319 80.810319 80.81032 80.8103 114.51005 114.51005 114.51009 114.51009
80.810354 80.810354 80.810314 0 4.280205 4.280205 4.786434 52.137414 114.510164 114.510164 114.510204 114.510204
80.810359 80.810359 80.810319 4.280205 0 0.26201 4.786439 52.137419 114.510169 114.510169 114.510209 114.510209
80.810359 80.810359 80.810319 4.280205 0.26201 0 4.786439 52.137419 114.510169 114.510169 114.510209 114.510209
80.81036 80.81036 80.81032 4.786434 4.786439 4.786439 0 52.13742 114.51017 114.51017 114.51021 114.51021
80.81034 80.81034 80.8103 52.137414 52.137419 52.137419 52.13742 0 114.51015 114.51015 114.51019 114.51019
114.51009 114.51009 114.51005 114.510164 114.510169 114.510169 114.51017 114.51015 0 7.2439 26.12416 95.82076
114.51009 114.51009 114.51005 114.510164 114.510169 114.510169 114.51017 114.51015 7.2439 0 26.12416 95.82076
114.51013 114.51013 114.51009 114.510204 114.510209 114.510209 114.51021 114.51019 26.12416 26.12416 0 95.8208
114.51013 114.51013 114.51009 114.510204 114.510209 114.510209 114.51021 114.51019 95.82076 95.82076 95.8208 0
