0 76.78077 76.78077 76.78076 76.78076 76.78076 76.78076 76.78077 76.78077 76.78074 138.12776 138.12776
76.78077 0 2.18874 10.60761 23.18253 23.18253 23.18253 39.26454 39.26454 39.26451 138.12773 138.12773
76.78077 2.18874 0 10.60761 23.18253 23.18253 23.18253 39.26454 39.26454 39.26451 138.12773 138.12773
76.78076 10.60761 10.60761 0 23.18252 23.18252 23.18252 39.26453 39.26453 39.2645 138.12772 138.12772
76.78076 23.18253 23.18253 23.18252 0 6.83696 6.83696 39.26453 39.26453 39.2645 138.12772 138.12772
76.78076 23.18253 23.18253 23.18252 6.83696 0 4.31112 39.26453 39.26453 39.2645 138.12772 138.12772
76.78076 23.18253 23.18253 23.18252 6.83696 4.31112 0 39.26453 39.26453 39.2645 138.12772 138.12772
76.78077 39.26454 39.26454 39.26453 39.26453 39.26453 39.26453 0 2.80704 22.53243 138.12773 138.12773
76.78077 39.26454 39.26454 39.26453 39.26453 39.26453 39.26453 2.80704 0 22.53243 138.12773 138.12773
76.78074 39.26451 39.26451 39.2645 39.2645 39.2645 39.2645 22.53243 22.53243 0 138.1277 138.1277
138.12776 138.12773 138.12773 138.12772 138.12772 138.12772 138.12772 138.12773 138.12773 138.1277 0 2.77532
138.12776 138.12773 138.12773 138.12772 138.12772 138.12772 138.12772 138.12773 138.12773 138.1277 2.77532 0
