0 49.86303 49.86303 49.86302 74.13223 74.13223 74.13223 74.13223 94.45725 94.45725 94.45724 94.4572
49.86303 0 13.32404 30.23681 74.13226 74.13226 74.13226 74.13226 94.45728 94.45728 94.45727 94.45723
49.86303 13.32404 0 30.23681 74.13226 74.13226 74.13226 74.13226 94.45728 94.45728 94.45727 94.45723
49.86302 30.23681 30.23681 0 74.13225 74.13225 74.13225 74.13225 94.45727 94.45727 94.45726 94.45722
74.13223 74.13226 74.13226 74.13225 0 20.6654 71.3524 71.3524 94.45728 94.45728 94.45727 94.45723
74.13223 74.13226 74.13226 74.13225 20.6654 0 71.3524 71.3524 94.45728 94.45728 94.45727 94.45723
74.13223 74.13226 74.13226 74.13225 71.3524 71.3524 0 10.312 94.45728 94.45728 94.45727 94.45723
74.13223 74.13226 74.13226 74.13225 71.3524 71.3524 10.312 0 94.45728 94.45728 94.45727 94.45723
94.45725 94.45728 94.45728 94.45727 94.45728 94.45728 94.45728 94.45728 0 9.40958 13.20015 21.08325
94.45725 94.45728 94.45728 94.45727 94.45728 94.45728 94.45728 94.45728 9.40958 0 13.20015 21.08325
94.45724 94.45727 94.45727 94.45726 94.45727 94.45727 94.45727 94.45727 13.20015 13.20015 0 21.08324
94.4572 94.45723 94.45723 94.45722 94.45723 94.45723 94.45723 94.45723 21.08325 21.08325 21.08324 0
