0 3.8239 118.745768 118.745768 118.7457 118.745676 118.745675 118.745675 118.7457175 118.7457175 118.74572 118.74573
3.8239 0 118.745768 118.745768 118.7457 118.745676 118.745675 118.745675 118.7457175 118.7457175 118.74572 118.74573
118.745768 118.745768 0 1.398736 51.881468 59.905584 59.905583 59.905583 59.9056255 59.9056255 59.905628 98.948038
118.745768 118.745768 1.398736 0 51.881468 59.905584 59.905583 59.905583 59.9056255 59.9056255 59.905628 98.948038
118.7457 118.7457 51.881468 51.881468 0 59.905516 59.905515 59.905515 59.9055575 59.9055575 59.90556 98.94797
118.745676 118.745676 59.905584 59.905584 59.905516 0 1.523891 1.523891 29.1847335 29.1847335 29.184736 98.947946
118.745675 118.745675 59.905583 59.905583 59.905515 1.523891 0 0.222978 29.1847325 29.1847325 29.184735 98.947945
118.745675 118.745675 59.905583 59.905583 59.905515 1.523891 0.222978 0 29.1847325 29.1847325 29.184735 98.947945
118.7457175 118.7457175 59.9056255 59.9056255 59.9055575 29.1847335 29.1847325 29.1847325 0 11.45446 11.6203975 98.9479875
118.7457175 118.7457175 59.9056255 59.9056255 59.9055575 29.1847335 29.1847325 29.1847325 11.45446 0 11.6203975 98.9479875
118.74572 118.74572 59.905628 59.905628 59.90556 29.184736 29.184735 29.184735 11.6203975 11.6203975 0 98.94799
118.74573 118.74573 98.948038 98.948038 98.94797 98.947946 98.947945 98.947945 98.9479875 98.9479875 98.94799 0
