0 18.59472 68.78657 68.78657 68.78653 68.78653 68.78655 68.78655 68.78654 68.78654 209.878936 209.878936
18.59472 0 68.78657 68.78657 68.78653 68.78653 68.78655 68.78655 68.78654 68.78654 209.878936 209.878936
68.78657 68.78657 0 21.289 27.27842 27.27842 51.76604 51.76604 51.76603 51.76603 209.878986 209.878986
68.78657 68.78657 21.289 0 27.27842 27.27842 51.76604 51.76604 51.76603 51.76603 209.878986 209.878986
68.78653 68.78653 27.27842 27.27842 0 13.52938 51.766 51.766 51.76599 51.76599 209.878946 209.878946
68.78653 68.78653 27.27842 27.27842 13.52938 0 51.766 51.766 51.76599 51.76599 209.878946 209.878946
68.78655 68.78655 51.76604 51.76604 51.766 51.766 0 9.4313 28.31981 28.31981 209.878966 209.878966
68.78655 68.78655 51.76604 51.76604 51.766 51.766 9.4313 0 28.31981 28.31981 209.878966 209.878966
68.78654 68.78654 51.76603 51.76603 51.76599 51.76599 28.31981 28.31981 0 14.97198 209.878956 209.878956
68.78654 68.78654 51.76603 51.76603 51.76599 51.76599 28.31981 28.31981 14.97198 0 209.878956 209.878956
209.878936 209.878936 209.878986 209.878986 209.878946 209.878946 209.878966 209.878966 209.878956 209.878956 0 1.022952
209.878936 209.878936 209.878986 209.878986 209.878946 209.878946 209.878966 209.878966 209.878956 209.878956 1.022952 0
