0 7.94706 46.94587 46.94587 53.50978 53.5098 53.5098 53.5098 53.509797 53.509797 53.5098 53.50981
7.94706 0 46.94587 46.94587 53.50978 53.5098 53.5098 53.5098 53.509797 53.509797 53.5098 53.50981
46.94587 46.94587 0 10.37608 53.50979 53.50981 53.50981 53.50981 53.509807 53.509807 53.50981 53.50982
46.94587 46.94587 10.37608 0 53.50979 53.50981 53.50981 53.50981 53.509807 53.509807 53.50981 53.50982
53.50978 53.50978 53.50979 53.50979 0 23.60362 23.60362 23.60362 23.603617 23.603617 23.60362 29.96157
53.5098 53.5098 53.50981 53.50981 23.60362 0 9.98016 9.98016 9.980157 9.980157 18.151 29.96159
53.5098 53.5098 53.50981 53.50981 23.60362 9.98016 0 5.29496 5.294957 5.294957 18.151 29.96159
53.5098 53.5098 53.50981 53.50981 23.60362 9.98016 5.29496 0 2.843977 2.843977 18.151 29.96159
53.509797 53.509797 53.509807 53.509807 23.603617 9.980157 5.294957 2.843977 0 0.478134 18.150997 29.961587
53.509797 53.509797 53.509807 53.509807 23.603617 9.980157 5.294957 2.843977 0.478134 0 18.150997 29.961587
53.5098 53.5098 53.50981 53.50981 23.60362 18.151 18.151 18.151 18.150997 18.150997 0 29.96159
53.50981 53.50981 53.50982 53.50982 29.96157 29.96159 29.96159 29.96159 29.961587 29.961587 29.96159 0
