0 82.750536 82.750536 82.75053 82.7505 124.63 124.63008 124.63008 124.63009 124.63009 124.63 124.63
82.750536 0 1.031452 4.238066 55.207636 124.630136 124.630216 124.630216 124.630226 124.630226 124.630136 124.630136
82.750536 1.031452 0 4.238066 55.207636 124.630136 124.630216 124.630216 124.630226 124.630226 124.630136 124.630136
82.75053 4.238066 4.238066 0 55.20763 124.63013 124.63021 124.63021 124.63022 124.63022 124.63013 124.63013
82.7505 55.207636 55.207636 55.20763 0 124.6301 124.63018 124.63018 124.63019 124.63019 124.6301 124.6301
124.63 124.630136 124.630136 124.63013 124.6301 0 93.51388 93.51388 93.51389 93.51389 93.5138 93.5138
124.63008 124.630216 124.630216 124.63021 124.63018 93.51388 0 3.01572 20.21577 20.21577 58.65168 58.65168
124.63008 124.630216 124.630216 124.63021 124.63018 93.51388 3.01572 0 20.21577 20.21577 58.65168 58.65168
124.63009 124.630226 124.630226 124.63022 124.63019 93.51389 20.21577 20.21577 0 10.0737 58.65169 58.65169
124.63009 124.630226 124.630226 124.63022 124.63019 93.51389 20.21577 20.21577 10.0737 0 58.65169 58.65169
124.63 124.630136 124.630136 124.63013 124.6301 93.5138 58.65168 58.65168 58.65169 58.65169 0 26.2598
124.63 124.630136 124.630136 124.63013 124.6301 93.5138 58.65168 58.65168 58.65169 58.65169 26.2598 0
