0 3.50094 141.6559 141.6559 141.65597 141.65597 141.65598 141.65598 141.65598 141.65598 141.65597 141.65597
3.50094 0 141.6559 141.6559 141.65597 141.65597 141.65598 141.65598 141.65598 141.65598 141.65597 141.65597
141.6559 141.6559 0 4.57866 40.44953 92.34693 92.34694 92.34694 92.34694 92.34694 92.34693 92.34693
141.6559 141.6559 4.57866 0 40.44953 92.34693 92.34694 92.34694 92.34694 92.34694 92.34693 92.34693
141.65597 141.65597 40.44953 40.44953 0 92.347 92.34701 92.34701 92.34701 92.34701 92.347 92.347
141.65597 141.65597 92.34693 92.34693 92.347 0 28.77301 28.77301 28.77301 28.77301 67.7772 67.7772
141.65598 141.65598 92.34694 92.34694 92.34701 28.77301 0 5.32934 15.4813 15.4813 67.77721 67.77721
141.65598 141.65598 92.34694 92.34694 92.34701 28.77301 5.32934 0 15.4813 15.4813 67.77721 67.77721
141.65598 141.65598 92.34694 92.34694 92.34701 28.77301 15.4813 15.4813 0 13.13944 67.77721 67.77721
141.65598 141.65598 92.34694 92.34694 92.34701 28.77301 15.4813 15.4813 13.13944 0 67.77721 67.77721
141.65597 141.65597 92.34693 92.34693 92.347 67.7772 67.77721 67.77721 67.77721 67.77721 0 24.2136
141.65597 141.65597 92.34693 92.34693 92.347 67.7772 67.77721 67.77721 67.77721 67.77721 24.2136 0
