0 36.83392 36.83392 77.5828 77.5828 77.5828 77.582804 77.5827969 77.5827969 77.5828 109.29735 109.29735
36.83392 0 33.1382 77.58272 77.58272 77.58272 77.582724 77.5827169 77.5827169 77.58272 109.29727 109.29727
36.83392 33.1382 0 77.58272 77.58272 77.58272 77.582724 77.5827169 77.5827169 77.58272 109.29727 109.29727
77.5828 77.58272 77.58272 0 28.8148 28.8148 28.814804 28.8147969 28.8147969 55.2922 109.29735 109.29735
77.5828 77.58272 77.58272 28.8148 0 18.27644 18.276444 18.2764369 18.2764369 55.2922 109.29735 109.29735
77.5828 77.58272 77.58272 28.8148 18.27644 0 8.028204 8.0281969 8.0281969 55.2922 109.29735 109.29735
77.582804 77.582724 77.582724 28.814804 18.276444 8.028204 0 6.0659529 6.0659529 55.292204 109.297354 109.297354
77.5827969 77.5827169 77.5827169 28.8147969 18.2764369 8.0281969 6.0659529 0 5.87714 55.2921969 109.2973469 109.2973469
77.5827969 77.5827169 77.5827169 28.8147969 18.2764369 8.0281969 6.0659529 5.87714 0 55.2921969 109.2973469 109.2973469
77.5828 77.58272 77.58272 55.2922 55.2922 55.2922 55.292204 55.2921969 55.2921969 0 109.29735 109.29735
109.29735 109.29727 109.29727 109.29735 109.29735 109.29735 109.297354 109.2973469 109.2973469 109.29735 0 3.3737
109.29735 109.29727 109.29727 109.29735 109.29735 109.29735 109.297354 109.2973469 109.2973469 109.29735 3.3737 0
