0 0.089847 119.9871035 119.9871015 119.9871015 119.9870605 119.9870605 119.9870635 119.9870835 119.9870835 119.9870835 150.0984235
0.089847 0 119.9871035 119.9871015 119.9871015 119.9870605 119.9870605 119.9870635 119.9870835 119.9870835 119.9870835 150.0984235
119.9871035 119.9871035 0 7.803038 7.803038 50.435197 50.435197 50.4352 62.63154 62.63154 62.63154 150.09848
119.9871015 119.9871015 7.803038 0 1.656336 50.435195 50.435195 50.435198 62.631538 62.631538 62.631538 150.098478
119.9871015 119.9871015 7.803038 1.656336 0 50.435195 50.435195 50.435198 62.631538 62.631538 62.631538 150.098478
119.9870605 119.9870605 50.435197 50.435195 50.435195 0 15.7711 16.296357 62.631497 62.631497 62.631497 150.098437
119.9870605 119.9870605 50.435197 50.435195 50.435195 15.7711 0 16.296357 62.631497 62.631497 62.631497 150.098437
119.9870635 119.9870635 50.4352 50.435198 50.435198 16.296357 16.296357 0 62.6315 62.6315 62.6315 150.09844
119.9870835 119.9870835 62.63154 62.631538 62.631538 62.631497 62.631497 62.6315 0 6.92514 9.67852 150.09846
119.9870835 119.9870835 62.63154 62.631538 62.631538 62.631497 62.631497 62.6315 6.92514 0 9.67852 150.09846
119.9870835 119.9870835 62.63154 62.631538 62.631538 62.631497 62.631497 62.6315 9.67852 9.67852 0 150.09846
150.0984235 150.0984235 150.09848 150.098478 150.098478 150.098437 150.098437 150.09844 150.09846 150.09846 150.09846 0
