0 11.31654 107.16338 107.16338 107.16338 107.16331215 107.16331215 107.163333 107.163333 107.16334 107.16333 107.16333
11.31654 0 107.16338 107.16338 107.16338 107.16331215 107.16331215 107.163333 107.163333 107.16334 107.16333 107.16333
107.16338 107.16338 0 2.34156 19.04942 69.02875215 69.02875215 69.028773 69.028773 69.02878 69.02877 69.02877
107.16338 107.16338 2.34156 0 19.04942 69.02875215 69.02875215 69.028773 69.028773 69.02878 69.02877 69.02877
107.16338 107.16338 19.04942 19.04942 0 69.02875215 69.02875215 69.028773 69.028773 69.02878 69.02877 69.02877
107.16331215 107.16331215 69.02875215 69.02875215 69.02875215 0 0.0158843 21.49550515 21.49550515 21.49551215 21.49550215 21.49550215
107.16331215 107.16331215 69.02875215 69.02875215 69.02875215 0.0158843 0 21.49550515 21.49550515 21.49551215 21.49550215 21.49550215
107.163333 107.163333 69.028773 69.028773 69.028773 21.49550515 21.49550515 0 1.270686 10.778313 14.679883 14.679883
107.163333 107.163333 69.028773 69.028773 69.028773 21.49550515 21.49550515 1.270686 0 10.778313 14.679883 14.679883
107.16334 107.16334 69.02878 69.02878 69.02878 21.49551215 21.49551215 10.778313 10.778313 0 14.67989 14.67989
107.16333 107.16333 69.02877 69.02877 69.02877 21.49550215 21.49550215 14.679883 14.679883 14.67989 0 2.5782
107.16333 107.16333 69.02877 69.02877 69.02877 21.49550215 21.49550215 14.679883 14.679883 14.67989 2.5782 0
