0 2.68314 25.43177 26.204585 26.2045855 26.2045855 26.204588 73.955368 73.955368 73.955368 73.955368 73.955368
2.68314 0 25.43177 26.204585 26.2045855 26.2045855 26.204588 73.955368 73.955368 73.955368 73.955368 73.955368
25.43177 25.43177 0 26.204615 26.2046155 26.2046155 26.204618 73.955398 73.955398 73.955398 73.955398 73.955398
26.204585 26.204585 26.204615 0 1.0719945 1.0719945 7.556817 73.955357 73.955357 73.955357 73.955357 73.955357
26.2045855 26.2045855 26.2046155 1.0719945 0 0.094295 7.5568175 73.9553575 73.9553575 73.9553575 73.9553575 73.9553575
26.2045855 26.2045855 26.2046155 1.0719945 0.094295 0 7.5568175 73.9553575 73.9553575 73.9553575 73.9553575 73.9553575
26.204588 26.204588 26.204618 7.556817 7.5568175 7.5568175 0 73.95536 73.95536 73.95536 73.95536 73.95536
73.955368 73.955368 73.955398 73.955357 73.9553575 73.9553575 73.95536 0 0.64622 11.1882 11.1882 18.25134
73.955368 73.955368 73.955398 73.955357 73.9553575 73.9553575 73.95536 0.64622 0 11.1882 11.1882 18.25134
73.955368 73.955368 73.955398 73.955357 73.9553575 73.9553575 73.95536 11.1882 11.1882 0 3.52246 18.25134
73.955368 73.955368 73.955398 73.955357 73.9553575 73.9553575 73.95536 11.1882 11.1882 3.52246 0 18.25134
73.955368 73.955368 73.955398 73.955357 73.9553575 73.9553575 73.95536 18.25134 18.25134 18.25134 18.25134 0
