0 27.17864 27.178637 27.178637 27.178637 27.17859 27.17859 160.03546 160.03546 160.0354 160.03544 160.03544
27.17864 0 13.599377 13.599377 13.599377 22.46577 22.46577 160.0355 160.0355 160.03544 160.03548 160.03548
27.178637 13.599377 0 13.10384 13.10384 22.465767 22.465767 160.035497 160.035497 160.035437 160.035477 160.035477
27.178637 13.599377 13.10384 0 2.12776 22.465767 22.465767 160.035497 160.035497 160.035437 160.035477 160.035477
27.178637 13.599377 13.10384 2.12776 0 22.465767 22.465767 160.035497 160.035497 160.035437 160.035477 160.035477
27.17859 22.46577 22.465767 22.465767 22.465767 0 1.22152 160.03545 160.03545 160.03539 160.03543 160.03543
27.17859 22.46577 22.465767 22.465767 22.465767 1.22152 0 160.03545 160.03545 160.03539 160.03543 160.03543
160.03546 160.0355 160.035497 160.035497 160.035497 160.03545 160.03545 0 11.68872 45.11206 102.4669 102.4669
160.03546 160.0355 160.035497 160.035497 160.035497 160.03545 160.03545 11.68872 0 45.11206 102.4669 102.4669
160.0354 160.03544 160.035437 160.035437 160.035437 160.03539 160.03539 45.11206 45.11206 0 102.46684 102.46684
160.03544 160.03548 160.035477 160.035477 160.035477 160.03543 160.03543 102.4669 102.4669 102.46684 0 90.119
160.03544 160.03548 160.035477 160.035477 160.035477 160.03543 160.03543 102.4669 102.4669 102.46684 90.119 0
