0 0.400806 11.439263 43.733033 85.556033 99.400595 99.400595 99.400595 99.400593 99.770385 99.770485 99.770485
0.400806 0 11.439263 43.733033 85.556033 99.400595 99.400595 99.400595 99.400593 99.770385 99.770485 99.770485
11.439263 11.439263 0 43.73303 85.55603 99.400592 99.400592 99.400592 99.40059 99.770382 99.770482 99.770482
43.733033 43.733033 43.73303 0 85.556 99.400562 99.400562 99.400562 99.40056 99.770352 99.770452 99.770452
85.556033 85.556033 85.55603 85.556 0 99.400562 99.400562 99.400562 99.40056 99.770352 99.770452 99.770452
99.400595 99.400595 99.400592 99.400562 99.400562 0 11.25146 11.25146 12.641342 99.770334 99.770434 99.770434
99.400595 99.400595 99.400592 99.400562 99.400562 11.25146 0 8.66506 12.641342 99.770334 99.770434 99.770434
99.400595 99.400595 99.400592 99.400562 99.400562 11.25146 8.66506 0 12.641342 99.770334 99.770434 99.770434
99.400593 99.400593 99.40059 99.40056 99.40056 12.641342 12.641342 12.641342 0 99.770332 99.770432 99.770432
99.770385 99.770385 99.770382 99.770352 99.770352 99.770334 99.770334 99.770334 99.770332 0 84.1561 84.1561
99.770485 99.770485 99.770482 99.770452 99.770452 99.770434 99.770434 99.770434 99.770432 84.1561 0 22.0806
99.770485 99.770485 99.770482 99.770452 99.770452 99.770434 99.770434 99.770434 99.770432 84.1561 22.0806 0
