0 115.713823 115.713823 115.71374952 115.71374952 115.71382 115.71382 115.71385 115.71385 115.71385 115.71385 115.71385
115.713823 0 0.678406 57.52533252 57.52533252 109.975203 109.975203 109.975233 109.975233 109.975233 109.975233 109.975233
115.713823 0.678406 0 57.52533252 57.52533252 109.975203 109.975203 109.975233 109.975233 109.975233 109.975233 109.975233
115.71374952 57.52533252 57.52533252 0 0.00885904 109.97512952 109.97512952 109.97515952 109.97515952 109.97515952 109.97515952 109.97515952
115.71374952 57.52533252 57.52533252 0.00885904 0 109.97512952 109.97512952 109.97515952 109.97515952 109.97515952 109.97515952 109.97515952
115.71382 109.975203 109.975203 109.97512952 109.97512952 0 81.4144 81.41443 81.41443 81.41443 81.41443 81.41443
115.71382 109.975203 109.975203 109.97512952 109.97512952 81.4144 0 26.80103 26.80103 26.80103 26.80103 26.80103
115.71385 109.975233 109.975233 109.97515952 109.97515952 81.41443 26.80103 0 11.13204 11.13204 23.7633 23.7633
115.71385 109.975233 109.975233 109.97515952 109.97515952 81.41443 26.80103 11.13204 0 4.21668 23.7633 23.7633
115.71385 109.975233 109.975233 109.97515952 109.97515952 81.41443 26.80103 11.13204 4.21668 0 23.7633 23.7633
115.71385 109.975233 109.975233 109.97515952 109.97515952 81.41443 26.80103 23.7633 23.7633 23.7633 0 17.4596
115.71385 109.975233 109.975233 109.97515952 109.97515952 81.41443 26.80103 23.7633 23.7633 23.7633 17.4596 0
