0 6.2553 81.40107 81.40107 125.84845 125.84845 186.78441 186.78441 186.784436 186.784436 186.78443 186.78446
6.2553 0 81.40107 81.40107 125.84845 125.84845 186.78441 186.78441 186.784436 186.784436 186.78443 186.78446
81.40107 81.40107 0 6.21184 125.84842 125.84842 186.78438 186.78438 186.784406 186.784406 186.7844 186.78443
81.40107 81.40107 6.21184 0 125.84842 125.84842 186.78438 186.78438 186.784406 186.784406 186.7844 186.78443
125.84845 125.84845 125.84842 125.84842 0 36.5528 186.78436 186.78436 186.784386 186.784386 186.78438 186.78441
125.84845 125.84845 125.84842 125.84842 36.5528 0 186.78436 186.78436 186.784386 186.784386 186.78438 186.78441
186.78441 186.78441 186.78438 186.78438 186.78436 186.78436 0 28.07 37.014546 37.014546 37.01454 37.01457
186.78441 186.78441 186.78438 186.78438 186.78436 186.78436 28.07 0 37.014546 37.014546 37.01454 37.01457
186.784436 186.784436 186.784406 186.784406 186.784386 186.784386 37.014546 37.014546 0 0.425772 14.771086 25.350976
186.784436 186.784436 186.784406 186.784406 186.784386 186.784386 37.014546 37.014546 0.425772 0 14.771086 25.350976
186.78443 186.78443 186.7844 186.7844 186.78438 186.78438 37.01454 37.01454 14.771086 14.771086 0 25.35097
186.78446 186.78446 186.78443 186.78443 186.78441 186.78441 37.01457 37.01457 25.350976 25.350976 25.35097 0
