0 48.5634 75.7845 75.78449 75.78449 93.116863 93.116863 93.116901 93.116901 93.116901 93.116931 93.116931
48.5634 0 75.7845 75.78449 75.78449 93.116863 93.116863 93.116901 93.116901 93.116901 93.116931 93.116931
75.7845 75.7845 0 23.24279 23.24279 93.116963 93.116963 93.117001 93.117001 93.117001 93.117031 93.117031
75.78449 75.78449 23.24279 0 3.04478 93.116953 93.116953 93.116991 93.116991 93.116991 93.117021 93.117021
75.78449 75.78449 23.24279 3.04478 0 93.116953 93.116953 93.116991 93.116991 93.116991 93.117021 93.117021
93.116863 93.116863 93.116963 93.116953 93.116953 0 1.271124 21.878962 21.878962 33.252762 92.221392 92.221392
93.116863 93.116863 93.116963 93.116953 93.116953 1.271124 0 21.878962 21.878962 33.252762 92.221392 92.221392
93.116901 93.116901 93.117001 93.116991 93.116991 21.878962 21.878962 0 10.68034 33.2528 92.22143 92.22143
93.116901 93.116901 93.117001 93.116991 93.116991 21.878962 21.878962 10.68034 0 33.2528 92.22143 92.22143
93.116901 93.116901 93.117001 93.116991 93.116991 33.252762 33.252762 33.2528 33.2528 0 92.22143 92.22143
93.116931 93.116931 93.117031 93.117021 93.117021 92.221392 92.221392 92.22143 92.22143 92.22143 0 3.76786
93.116931 93.116931 93.117031 93.117021 93.117021 92.221392 92.221392 92.22143 92.22143 92.22143 3.76786 0
