0 16.83876 24.01221 53.771193 53.771193 53.77121 53.7711761 53.7712071 53.7712071 53.7712261 53.77124 53.77124
16.83876 0 24.01221 53.771193 53.771193 53.77121 53.7711761 53.7712071 53.7712071 53.7712261 53.77124 53.77124
24.01221 24.01221 0 53.771183 53.771183 53.7712 53.7711661 53.7711971 53.7711971 53.7712161 53.77123 53.77123
53.771193 53.771193 53.771183 0 0.890166 27.061983 31.7985091 31.7985401 31.7985401 31.7985591 45.363013 45.363013
53.771193 53.771193 53.771183 0.890166 0 27.061983 31.7985091 31.7985401 31.7985401 31.7985591 45.363013 45.363013
53.77121 53.77121 53.7712 27.061983 27.061983 0 31.7985261 31.7985571 31.7985571 31.7985761 45.36303 45.36303
53.7711761 53.7711761 53.7711661 31.7985091 31.7985091 31.7985261 0 31.679831 31.679831 31.67985 45.3629961 45.3629961
53.7712071 53.7712071 53.7711971 31.7985401 31.7985401 31.7985571 31.679831 0 1.526162 21.212581 45.3630271 45.3630271
53.7712071 53.7712071 53.7711971 31.7985401 31.7985401 31.7985571 31.679831 1.526162 0 21.212581 45.3630271 45.3630271
53.7712261 53.7712261 53.7712161 31.7985591 31.7985591 31.7985761 31.67985 21.212581 21.212581 0 45.3630461 45.3630461
53.77124 53.77124 53.77123 45.363013 45.363013 45.36303 45.3629961 45.3630271 45.3630271 45.3630461 0 7.31366
53.77124 53.77124 53.77123 45.363013 45.363013 45.36303 45.3629961 45.3630271 45.3630271 45.3630461 7.31366 0
