0 9.72128 60.47826 60.47826 60.47823 60.47823 76.49188 76.491879 76.491879 76.49189 76.49189 76.49189
9.72128 0 60.47826 60.47826 60.47823 60.47823 76.49188 76.491879 76.491879 76.49189 76.49189 76.49189
60.47826 60.47826 0 8.37812 27.94123 49.60763 76.49186 76.491859 76.491859 76.49187 76.49187 76.49187
60.47826 60.47826 8.37812 0 27.94123 49.60763 76.49186 76.491859 76.491859 76.49187 76.49187 76.49187
60.47823 60.47823 27.94123 27.94123 0 49.6076 76.49183 76.491829 76.491829 76.49184 76.49184 76.49184
60.47823 60.47823 49.60763 49.60763 49.6076 0 76.49183 76.491829 76.491829 76.49184 76.49184 76.49184
76.49188 76.49188 76.49186 76.49186 76.49183 76.49183 0 6.306019 6.306019 46.63583 46.63583 46.63583
76.491879 76.491879 76.491859 76.491859 76.491829 76.491829 6.306019 0 0.668138 46.635829 46.635829 46.635829
76.491879 76.491879 76.491859 76.491859 76.491829 76.491829 6.306019 0.668138 0 46.635829 46.635829 46.635829
76.49189 76.49189 76.49187 76.49187 76.49184 76.49184 46.63583 46.635829 46.635829 0 43.9178 43.9178
76.49189 76.49189 76.49187 76.49187 76.49184 76.49184 46.63583 46.635829 46.635829 43.9178 0 23.5356
76.49189 76.49189 76.49187 76.49187 76.49184 76.49184 46.63583 46.635829 46.635829 43.9178 23.5356 0
