0 208.252 208.252 208.252 208.252 208.252 208.25195 208.251955 208.251955 208.25191 208.25194 208.25194
208.252 0 25.0932 25.0932 71.3776 71.3776 71.37755 71.377555 71.377555 71.37751 71.37754 71.37754
208.252 25.0932 0 22.5742 71.3776 71.3776 71.37755 71.377555 71.377555 71.37751 71.37754 71.37754
208.252 25.0932 22.5742 0 71.3776 71.3776 71.37755 71.377555 71.377555 71.37751 71.37754 71.37754
208.252 71.3776 71.3776 71.3776 0 28.5954 44.32635 44.326355 44.326355 44.32631 44.32634 44.32634
208.252 71.3776 71.3776 71.3776 28.5954 0 44.32635 44.326355 44.326355 44.32631 44.32634 44.32634
208.25195 71.37755 71.37755 71.37755 44.32635 44.32635 0 9.686405 9.686405 27.59664 34.91135 34.91135
208.251955 71.377555 71.377555 71.377555 44.326355 44.326355 9.686405 0 1.30853 27.596645 34.911355 34.911355
208.251955 71.377555 71.377555 71.377555 44.326355 44.326355 9.686405 1.30853 0 27.596645 34.911355 34.911355
208.25191 71.37751 71.37751 71.37751 44.32631 44.32631 27.59664 27.596645 27.596645 0 34.91131 34.91131
208.25194 71.37754 71.37754 71.37754 44.32634 44.32634 34.91135 34.911355 34.911355 34.91131 0 12.10794
208.25194 71.37754 71.37754 71.37754 44.32634 44.32634 34.91135 34.911355 34.911355 34.91131 12.10794 0
