0 27.7682 74.3105 175.2897 175.28973 175.289733 175.289733 175.28973 175.2897 175.289704 175.289704 175.2897
27.7682 0 74.3105 175.2897 175.28973 175.289733 175.289733 175.28973 175.2897 175.289704 175.289704 175.2897
74.3105 74.3105 0 175.2896 175.28963 175.289633 175.289633 175.28963 175.2896 175.289604 175.289604 175.2896
175.2897 175.2897 175.2896 0 43.19803 43.198033 43.198033 43.19803 43.198 43.198004 43.198004 43.198
175.28973 175.28973 175.28963 43.19803 0 35.231203 35.231203 35.2312 35.23117 35.231174 35.231174 35.23117
175.289733 175.289733 175.289633 43.198033 35.231203 0 6.66352 8.507523 30.184493 30.184497 30.184497 30.184493
175.289733 175.289733 175.289633 43.198033 35.231203 6.66352 0 8.507523 30.184493 30.184497 30.184497 30.184493
175.28973 175.28973 175.28963 43.19803 35.2312 8.507523 8.507523 0 30.18449 30.184494 30.184494 30.18449
175.2897 175.2897 175.2896 43.198 35.23117 30.184493 30.184493 30.18449 0 12.422364 12.422364 12.42236
175.289704 175.289704 175.289604 43.198004 35.231174 30.184497 30.184497 30.184494 12.422364 0 1.530348 8.893084
175.289704 175.289704 175.289604 43.198004 35.231174 30.184497 30.184497 30.184494 12.422364 1.530348 0 8.893084
175.2897 175.2897 175.2896 43.198 35.23117 30.184493 30.184493 30.18449 12.42236 8.893084 8.893084 0
