0 0.24612 58.78516 58.78511 58.78511 58.78509 58.78508 79.18506 79.18504 79.18504 251.46233 251.46233
0.24612 0 58.78516 58.78511 58.78511 58.78509 58.78508 79.18506 79.18504 79.18504 251.46233 251.46233
58.78516 58.78516 0 39.00515 39.00515 39.00513 56.73508 79.1851 79.18508 79.18508 251.46237 251.46237
58.78511 58.78511 39.00515 0 7.89284 21.60702 56.73503 79.18505 79.18503 79.18503 251.46232 251.46232
58.78511 58.78511 39.00515 7.89284 0 21.60702 56.73503 79.18505 79.18503 79.18503 251.46232 251.46232
58.78509 58.78509 39.00513 21.60702 21.60702 0 56.73501 79.18503 79.18501 79.18501 251.4623 251.4623
58.78508 58.78508 56.73508 56.73503 56.73503 56.73501 0 79.18502 79.185 79.185 251.46229 251.46229
79.18506 79.18506 79.1851 79.18505 79.18505 79.18503 79.18502 0 48.65978 48.65978 251.46227 251.46227
79.18504 79.18504 79.18508 79.18503 79.18503 79.18501 79.185 48.65978 0 46.278 251.46225 251.46225
79.18504 79.18504 79.18508 79.18503 79.18503 79.18501 79.185 48.65978 46.278 0 251.46225 251.46225
251.46233 251.46233 251.46237 251.46232 251.46232 251.4623 251.46229 251.46227 251.46225 251.46225 0 3.25794
251.46233 251.46233 251.46237 251.46232 251.46232 251.4623 251.46229 251.46227 251.46225 251.46225 3.25794 0
