0 62.8986 62.89854 62.89854 62.89854 71.78307 71.7829893 71.7829893 71.78299 102.75076 102.75076 102.75082
62.8986 0 37.03574 37.03574 37.03574 71.78307 71.7829893 71.7829893 71.78299 102.75076 102.75076 102.75082
62.89854 37.03574 0 9.41928 9.41928 71.78301 71.7829293 71.7829293 71.78293 102.7507 102.7507 102.75076
62.89854 37.03574 9.41928 0 4.14204 71.78301 71.7829293 71.7829293 71.78293 102.7507 102.7507 102.75076
62.89854 37.03574 9.41928 4.14204 0 71.78301 71.7829293 71.7829293 71.78293 102.7507 102.7507 102.75076
71.78307 71.78307 71.78301 71.78301 71.78301 0 63.3489193 63.3489193 63.34892 102.75079 102.75079 102.75085
71.7829893 71.7829893 71.7829293 71.7829293 71.7829293 63.3489193 0 0.0764986 16.5822393 102.7507093 102.7507093 102.7507693
71.7829893 71.7829893 71.7829293 71.7829293 71.7829293 63.3489193 0.0764986 0 16.5822393 102.7507093 102.7507093 102.7507693
71.78299 71.78299 71.78293 71.78293 71.78293 63.34892 16.5822393 16.5822393 0 102.75071 102.75071 102.75077
102.75076 102.75076 102.7507 102.7507 102.7507 102.75079 102.7507093 102.7507093 102.75071 0 44.3118 62.18134
102.75076 102.75076 102.7507 102.7507 102.7507 102.75079 102.7507093 102.7507093 102.75071 44.3118 0 62.18134
102.75082 102.75082 102.75076 102.75076 102.75076 102.75085 102.7507693 102.7507693 102.75077 62.18134 62.18134 0
