0 91.298441 91.298441 123.288746 123.288746 123.2887 188.6172 188.6171889 188.6171889 188.61715 188.61715 188.6172
91.298441 0 0.404282 123.288787 123.288787 123.288741 188.617241 188.6172299 188.6172299 188.617191 188.617191 188.617241
91.298441 0.404282 0 123.288787 123.288787 123.288741 188.617241 188.6172299 188.6172299 188.617191 188.617191 188.617241
123.288746 123.288787 123.288787 0 1.738092 44.448046 188.617146 188.6171349 188.6171349 188.617096 188.617096 188.617146
123.288746 123.288787 123.288787 1.738092 0 44.448046 188.617146 188.6171349 188.6171349 188.617096 188.617096 188.617146
123.2887 123.288741 123.288741 44.448046 44.448046 0 188.6171 188.6170889 188.6170889 188.61705 188.61705 188.6171
188.6172 188.617241 188.617241 188.617146 188.617146 188.6171 0 157.3367889 157.3367889 157.33675 157.33675 157.3368
188.6171889 188.6172299 188.6172299 188.6171349 188.6171349 188.6170889 157.3367889 0 0.1393778 22.6849389 22.6849389 51.4241889
188.6171889 188.6172299 188.6172299 188.6171349 188.6171349 188.6170889 157.3367889 0.1393778 0 22.6849389 22.6849389 51.4241889
188.61715 188.617191 188.617191 188.617096 188.617096 188.61705 157.33675 22.6849389 22.6849389 0 10.26518 51.42415
188.61715 188.617191 188.617191 188.617096 188.617096 188.61705 157.33675 22.6849389 22.6849389 10.26518 0 51.42415
188.6172 188.617241 188.617241 188.617146 188.617146 188.6171 157.3368 51.4241889 51.4241889 51.42415 51.42415 0
