0 29.3068 54.13078 54.13078 54.13079 54.13079 91.0089885 91.0089885 91.009 91.008965 91.008966 91.008966
29.3068 0 54.13078 54.13078 54.13079 54.13079 91.0089885 91.0089885 91.009 91.008965 91.008966 91.008966
54.13078 54.13078 0 42.9814 47.55561 47.55561 91.0089685 91.0089685 91.00898 91.008945 91.008946 91.008946
54.13078 54.13078 42.9814 0 47.55561 47.55561 91.0089685 91.0089685 91.00898 91.008945 91.008946 91.008946
54.13079 54.13079 47.55561 47.55561 0 12.74102 91.0089785 91.0089785 91.00899 91.008955 91.008956 91.008956
54.13079 54.13079 47.55561 47.55561 12.74102 0 91.0089785 91.0089785 91.00899 91.008955 91.008956 91.008956
91.0089885 91.0089885 91.0089685 91.0089685 91.0089785 91.0089785 0 0.103777 21.4675885 60.9061535 60.9061545 60.9061545
91.0089885 91.0089885 91.0089685 91.0089685 91.0089785 91.0089785 0.103777 0 21.4675885 60.9061535 60.9061545 60.9061545
91.009 91.009 91.00898 91.00898 91.00899 91.00899 21.4675885 21.4675885 0 60.906165 60.906166 60.906166
91.008965 91.008965 91.008945 91.008945 91.008955 91.008955 60.9061535 60.9061535 60.906165 0 0.935131 0.935131
91.008966 91.008966 91.008946 91.008946 91.008956 91.008956 60.9061545 60.9061545 60.906166 0.935131 0 0.359532
91.008966 91.008966 91.008946 91.008946 91.008956 91.008956 60.9061545 60.9061545 60.906166 0.935131 0.359532 0
