0 0.0769808 19.6529244 19.6529244 19.6529204 19.6529204 19.6529104 61.7663604 61.7663204 61.7663204 68.6325904 79.2249604
0.0769808 0 19.6529244 19.6529244 19.6529204 19.6529204 19.6529104 61.7663604 61.7663204 61.7663204 68.6325904 79.2249604
19.6529244 19.6529244 0 0.871288 3.595604 7.169844 17.007594 61.766364 61.766324 61.766324 68.632594 79.224964
19.6529244 19.6529244 0.871288 0 3.595604 7.169844 17.007594 61.766364 61.766324 61.766324 68.632594 79.224964
19.6529204 19.6529204 3.595604 3.595604 0 7.16984 17.00759 61.76636 61.76632 61.76632 68.63259 79.22496
19.6529204 19.6529204 7.169844 7.169844 7.16984 0 17.00759 61.76636 61.76632 61.76632 68.63259 79.22496
19.6529104 19.6529104 17.007594 17.007594 17.00759 17.00759 0 61.76635 61.76631 61.76631 68.63258 79.22495
61.7663604 61.7663604 61.766364 61.766364 61.76636 61.76636 61.76635 0 39.01816 39.01816 68.63263 79.225
61.7663204 61.7663204 61.766324 61.766324 61.76632 61.76632 61.76631 39.01816 0 10.00792 68.63259 79.22496
61.7663204 61.7663204 61.766324 61.766324 61.76632 61.76632 61.76631 39.01816 10.00792 0 68.63259 79.22496
68.6325904 68.6325904 68.632594 68.632594 68.63259 68.63259 68.63258 68.63263 68.63259 68.63259 0 79.22497
79.2249604 79.2249604 79.224964 79.224964 79.22496 79.22496 79.22495 79.225 79.22496 79.22496 79.22497 0
