0 29.3546 113.69179 113.69183 113.69183 113.691858 113.691858 113.69182 113.69176 113.6918 113.69185 113.69185
29.3546 0 113.69179 113.69183 113.69183 113.691858 113.691858 113.69182 113.69176 113.6918 113.69185 113.69185
113.69179 113.69179 0 20.16824 20.16824 35.669408 35.669408 62.08717 69.04063 78.87719 78.87724 78.87724
113.69183 113.69183 20.16824 0 17.02056 35.669448 35.669448 62.08721 69.04067 78.87723 78.87728 78.87728
113.69183 113.69183 20.16824 17.02056 0 35.669448 35.669448 62.08721 69.04067 78.87723 78.87728 78.87728
113.691858 113.691858 35.669408 35.669448 35.669448 0 0.255676 62.087238 69.040698 78.877258 78.877308 78.877308
113.691858 113.691858 35.669408 35.669448 35.669448 0.255676 0 62.087238 69.040698 78.877258 78.877308 78.877308
113.69182 113.69182 62.08717 62.08721 62.08721 62.087238 62.087238 0 69.04066 78.87722 78.87727 78.87727
113.69176 113.69176 69.04063 69.04067 69.04067 69.040698 69.040698 69.04066 0 78.87716 78.87721 78.87721
113.6918 113.6918 78.87719 78.87723 78.87723 78.877258 78.877258 78.87722 78.87716 0 57.14945 57.14945
113.69185 113.69185 78.87724 78.87728 78.87728 78.877308 78.877308 78.87727 78.87721 57.14945 0 5.8525
113.69185 113.69185 78.87724 78.87728 78.87728 78.877308 78.877308 78.87727 78.87721 57.14945 5.8525 0
