0 12.37616 69.87248 69.87248 69.87248 69.87248 69.87248 83.43922 83.439221 83.439221 83.43922 83.43918
12.37616 0 69.87248 69.87248 69.87248 69.87248 69.87248 83.43922 83.439221 83.439221 83.43922 83.43918
69.87248 69.87248 0 46.8242 46.8242 46.8242 46.8242 83.43914 83.439141 83.439141 83.43914 83.4391
69.87248 69.87248 46.8242 0 13.1984 13.1984 20.833 83.43914 83.439141 83.439141 83.43914 83.4391
69.87248 69.87248 46.8242 13.1984 0 4.3657 20.833 83.43914 83.439141 83.439141 83.43914 83.4391
69.87248 69.87248 46.8242 13.1984 4.3657 0 20.833 83.43914 83.439141 83.439141 83.43914 83.4391
69.87248 69.87248 46.8242 20.833 20.833 20.833 0 83.43914 83.439141 83.439141 83.43914 83.4391
83.43922 83.43922 83.43914 83.43914 83.43914 83.43914 83.43914 0 2.073081 2.073081 9.31968 44.22064
83.439221 83.439221 83.439141 83.439141 83.439141 83.439141 83.439141 2.073081 0 1.689838 9.319681 44.220641
83.439221 83.439221 83.439141 83.439141 83.439141 83.439141 83.439141 2.073081 1.689838 0 9.319681 44.220641
83.43922 83.43922 83.43914 83.43914 83.43914 83.43914 83.43914 9.31968 9.319681 9.319681 0 44.22064
83.43918 83.43918 83.4391 83.4391 83.4391 83.4391 83.4391 44.22064 44.220641 44.220641 44.22064 0
