0 0.0762634 64.0371417 64.0371117 64.0371117 64.0371117 64.0371617 64.0371617 64.0371017 64.0370917 64.0370917 64.0370917
0.0762634 0 64.0371417 64.0371117 64.0371117 64.0371117 64.0371617 64.0371617 64.0371017 64.0370917 64.0370917 64.0370917
64.0371417 64.0371417 0 22.26237 22.26237 22.26237 37.71744 37.71744 37.71738 37.71737 37.71737 37.71737
64.0371117 64.0371117 22.26237 0 9.27226 19.83906 37.71741 37.71741 37.71735 37.71734 37.71734 37.71734
64.0371117 64.0371117 22.26237 9.27226 0 19.83906 37.71741 37.71741 37.71735 37.71734 37.71734 37.71734
64.0371117 64.0371117 22.26237 19.83906 19.83906 0 37.71741 37.71741 37.71735 37.71734 37.71734 37.71734
64.0371617 64.0371617 37.71744 37.71741 37.71741 37.71741 0 20.3 28.92606 35.62519 35.62519 35.62519
64.0371617 64.0371617 37.71744 37.71741 37.71741 37.71741 20.3 0 28.92606 35.62519 35.62519 35.62519
64.0371017 64.0371017 37.71738 37.71735 37.71735 37.71735 28.92606 28.92606 0 35.62513 35.62513 35.62513
64.0370917 64.0370917 37.71737 37.71734 37.71734 37.71734 35.62519 35.62519 35.62513 0 25.813 25.813
64.0370917 64.0370917 37.71737 37.71734 37.71734 37.71734 35.62519 35.62519 35.62513 25.813 0 20.8972
64.0370917 64.0370917 37.71737 37.71734 37.71734 37.71734 35.62519 35.62519 35.62513 25.813 20.8972 0
