0 9.268027 9.268027 9.268025 9.268025 9.268016 15.49946 15.49946 65.20127 65.20123 65.20123 65.20123
9.268027 0 0.781042 7.4527 7.4527 7.452691 15.499467 15.499467 65.201277 65.201237 65.201237 65.201237
9.268027 0.781042 0 7.4527 7.4527 7.452691 15.499467 15.499467 65.201277 65.201237 65.201237 65.201237
9.268025 7.4527 7.4527 0 1.325558 4.148949 15.499465 15.499465 65.201275 65.201235 65.201235 65.201235
9.268025 7.4527 7.4527 1.325558 0 4.148949 15.499465 15.499465 65.201275 65.201235 65.201235 65.201235
9.268016 7.452691 7.452691 4.148949 4.148949 0 15.499456 15.499456 65.201266 65.201226 65.201226 65.201226
15.49946 15.499467 15.499467 15.499465 15.499465 15.499456 0 4.46118 65.20127 65.20123 65.20123 65.20123
15.49946 15.499467 15.499467 15.499465 15.499465 15.499456 4.46118 0 65.20127 65.20123 65.20123 65.20123
65.20127 65.201277 65.201277 65.201275 65.201275 65.201266 65.20127 65.20127 0 24.52076 24.52076 27.37544
65.20123 65.201237 65.201237 65.201235 65.201235 65.201226 65.20123 65.20123 24.52076 0 19.72004 27.3754
65.20123 65.201237 65.201237 65.201235 65.201235 65.201226 65.20123 65.20123 24.52076 19.72004 0 27.3754
65.20123 65.201237 65.201237 65.201235 65.201235 65.201226 65.20123 65.20123 27.37544 27.3754 27.3754 0
