0 97.71704 97.717026 97.717026 97.71702 97.717031 97.7170304 97.7170304 97.71703 97.717 97.71693 97.71693
97.71704 0 30.082986 30.082986 30.08298 45.016271 45.0162704 45.0162704 45.01627 66.36724 66.36717 66.36717
97.717026 30.082986 0 2.74596 3.451566 45.016257 45.0162564 45.0162564 45.016256 66.367226 66.367156 66.367156
97.717026 30.082986 2.74596 0 3.451566 45.016257 45.0162564 45.0162564 45.016256 66.367226 66.367156 66.367156
97.71702 30.08298 3.451566 3.451566 0 45.016251 45.0162504 45.0162504 45.01625 66.36722 66.36715 66.36715
97.717031 45.016271 45.016257 45.016257 45.016251 0 1.8853414 1.8853414 8.408061 66.367231 66.367161 66.367161
97.7170304 45.0162704 45.0162564 45.0162564 45.0162504 1.8853414 0 1.78914 8.4080604 66.3672304 66.3671604 66.3671604
97.7170304 45.0162704 45.0162564 45.0162564 45.0162504 1.8853414 1.78914 0 8.4080604 66.3672304 66.3671604 66.3671604
97.71703 45.01627 45.016256 45.016256 45.01625 8.408061 8.4080604 8.4080604 0 66.36723 66.36716 66.36716
97.717 66.36724 66.367226 66.367226 66.36722 66.367231 66.3672304 66.3672304 66.36723 0 34.12633 34.12633
97.71693 66.36717 66.367156 66.367156 66.36715 66.367161 66.3671604 66.3671604 66.36716 34.12633 0 8.44906
97.71693 66.36717 66.367156 66.367156 66.36715 66.367161 66.3671604 66.3671604 66.36716 34.12633 8.44906 0
