0 5.09438 68.34163 68.34161 68.34161 130.90381 130.90381 130.90383 130.90393 130.9039 130.9038957 130.9038957
5.09438 0 68.34163 68.34161 68.34161 130.90381 130.90381 130.90383 130.90393 130.9039 130.9038957 130.9038957
68.34163 68.34163 0 51.57198 51.57198 130.90386 130.90386 130.90388 130.90398 130.90395 130.9039457 130.9039457
68.34161 68.34161 51.57198 0 3.07296 130.90384 130.90384 130.90386 130.90396 130.90393 130.9039257 130.9039257
68.34161 68.34161 51.57198 3.07296 0 130.90384 130.90384 130.90386 130.90396 130.90393 130.9039257 130.9039257
130.90381 130.90381 130.90386 130.90384 130.90384 0 11.60496 116.43278 116.43288 116.43285 116.4328457 116.4328457
130.90381 130.90381 130.90386 130.90384 130.90384 11.60496 0 116.43278 116.43288 116.43285 116.4328457 116.4328457
130.90383 130.90383 130.90388 130.90386 130.90386 116.43278 116.43278 0 77.5349 77.53487 77.5348657 77.5348657
130.90393 130.90393 130.90398 130.90396 130.90396 116.43288 116.43288 77.5349 0 41.64717 41.6471657 41.6471657
130.9039 130.9039 130.90395 130.90393 130.90393 116.43285 116.43285 77.53487 41.64717 0 2.1807357 2.1807357
130.9038957 130.9038957 130.9039457 130.9039257 130.9039257 116.4328457 116.4328457 77.5348657 41.6471657 2.1807357 0 0.1619314
130.9038957 130.9038957 130.9039457 130.9039257 130.9039257 116.4328457 116.4328457 77.5348657 41.6471657 2.1807357 0.1619314 0
