0 0.0658832 107.5058716 107.5058716 107.5058916 107.5058916 107.5058916 107.5058916 107.5058916 107.5058916 107.5058916 107.5058716
0.0658832 0 107.5058716 107.5058716 107.5058916 107.5058916 107.5058916 107.5058916 107.5058916 107.5058916 107.5058916 107.5058716
107.5058716 107.5058716 0 11.57106 83.63548 83.63548 83.63548 83.63548 83.63548 83.63548 83.63548 83.63546
107.5058716 107.5058716 11.57106 0 83.63548 83.63548 83.63548 83.63548 83.63548 83.63548 83.63548 83.63546
107.5058916 107.5058916 83.63548 83.63548 0 5.46344 17.90108 17.90108 37.7615 37.7615 37.7615 37.76148
107.5058916 107.5058916 83.63548 83.63548 5.46344 0 17.90108 17.90108 37.7615 37.7615 37.7615 37.76148
107.5058916 107.5058916 83.63548 83.63548 17.90108 17.90108 0 10.05362 37.7615 37.7615 37.7615 37.76148
107.5058916 107.5058916 83.63548 83.63548 17.90108 17.90108 10.05362 0 37.7615 37.7615 37.7615 37.76148
107.5058916 107.5058916 83.63548 83.63548 37.7615 37.7615 37.7615 37.7615 0 7.60816 18.3501 26.02842
107.5058916 107.5058916 83.63548 83.63548 37.7615 37.7615 37.7615 37.7615 7.60816 0 18.3501 26.02842
107.5058916 107.5058916 83.63548 83.63548 37.7615 37.7615 37.7615 37.7615 18.3501 18.3501 0 26.02842
107.5058716 107.5058716 83.63546 83.63546 37.76148 37.76148 37.76148 37.76148 26.02842 26.02842 26.02842 0
