0 45.7066 69.0955 69.09546 69.09546 69.095442 69.095442 80.44323 80.44315 80.44315 80.44313 80.44313
45.7066 0 69.0955 69.09546 69.09546 69.095442 69.095442 80.44323 80.44315 80.44315 80.44313 80.44313
69.0955 69.0955 0 35.35396 35.35396 35.353942 35.353942 80.44333 80.44325 80.44325 80.44323 80.44323
69.09546 69.09546 35.35396 0 7.60688 28.741862 28.741862 80.44329 80.44321 80.44321 80.44319 80.44319
69.09546 69.09546 35.35396 7.60688 0 28.741862 28.741862 80.44329 80.44321 80.44321 80.44319 80.44319
69.095442 69.095442 35.353942 28.741862 28.741862 0 27.599 80.443272 80.443192 80.443192 80.443172 80.443172
69.095442 69.095442 35.353942 28.741862 28.741862 27.599 0 80.443272 80.443192 80.443192 80.443172 80.443172
80.44323 80.44323 80.44333 80.44329 80.44329 80.443272 80.443272 0 68.26092 68.26092 68.2609 68.2609
80.44315 80.44315 80.44325 80.44321 80.44321 80.443192 80.443192 68.26092 0 9.69282 21.19022 43.71882
80.44315 80.44315 80.44325 80.44321 80.44321 80.443192 80.443192 68.26092 9.69282 0 21.19022 43.71882
80.44313 80.44313 80.44323 80.44319 80.44319 80.443172 80.443172 68.2609 21.19022 21.19022 0 43.7188
80.44313 80.44313 80.44323 80.44319 80.44319 80.443172 80.443172 68.2609 43.71882 43.71882 43.7188 0
