0 40.30016 40.300164 40.300164 40.30015 40.3002 40.300171 40.300157 40.300157 40.300156 40.300161 40.300161
40.30016 0 13.845424 13.845424 23.44241 38.19408 38.194051 38.194037 38.194037 38.194036 38.194041 38.194041
40.300164 13.845424 0 12.79748 23.442414 38.194084 38.194055 38.194041 38.194041 38.19404 38.194045 38.194045
40.300164 13.845424 12.79748 0 23.442414 38.194084 38.194055 38.194041 38.194041 38.19404 38.194045 38.194045
40.30015 23.44241 23.442414 23.442414 0 38.19407 38.194041 38.194027 38.194027 38.194026 38.194031 38.194031
40.3002 38.19408 38.194084 38.194084 38.19407 0 26.839571 26.839557 26.839557 26.839556 26.839561 26.839561
40.300171 38.194051 38.194055 38.194055 38.194041 26.839571 0 26.184786 26.184786 26.184785 26.18479 26.18479
40.300157 38.194037 38.194041 38.194041 38.194027 26.839557 26.184786 0 3.04458 3.739821 5.097416 16.963936
40.300157 38.194037 38.194041 38.194041 38.194027 26.839557 26.184786 3.04458 0 3.739821 5.097416 16.963936
40.300156 38.194036 38.19404 38.19404 38.194026 26.839556 26.184785 3.739821 3.739821 0 5.097415 16.963935
40.300161 38.194041 38.194045 38.194045 38.194031 26.839561 26.18479 5.097416 5.097416 5.097415 0 16.96394
40.300161 38.194041 38.194045 38.194045 38.194031 26.839561 26.18479 16.963936 16.963936 16.963935 16.96394 0
