0 31.25918 31.25918 31.25918 65.091 76.154311 76.154311 76.15438 76.15438 76.15437 76.15437 76.15431
31.25918 0 15.48576 15.48576 65.09098 76.154291 76.154291 76.15436 76.15436 76.15435 76.15435 76.15429
31.25918 15.48576 0 11.44808 65.09098 76.154291 76.154291 76.15436 76.15436 76.15435 76.15435 76.15429
31.25918 15.48576 11.44808 0 65.09098 76.154291 76.154291 76.15436 76.15436 76.15435 76.15435 76.15429
65.091 65.09098 65.09098 65.09098 0 76.154311 76.154311 76.15438 76.15438 76.15437 76.15437 76.15431
76.154311 76.154291 76.154291 76.154291 76.154311 0 1.732922 59.390591 59.390591 59.390581 59.390581 63.158401
76.154311 76.154291 76.154291 76.154291 76.154311 1.732922 0 59.390591 59.390591 59.390581 59.390581 63.158401
76.15438 76.15436 76.15436 76.15436 76.15438 59.390591 59.390591 0 50.3366 50.33659 50.33659 63.15847
76.15438 76.15436 76.15436 76.15436 76.15438 59.390591 59.390591 50.3366 0 24.22519 24.22519 63.15847
76.15437 76.15435 76.15435 76.15435 76.15437 59.390581 59.390581 50.33659 24.22519 0 4.71238 63.15846
76.15437 76.15435 76.15435 76.15435 76.15437 59.390581 59.390581 50.33659 24.22519 4.71238 0 63.15846
76.15431 76.15429 76.15429 76.15429 76.15431 63.158401 63.158401 63.15847 63.15847 63.15846 63.15846 0
