0 32.81027 32.81027 68.08402 68.084047 68.084047 68.08402 147.67878 147.67878 211.1458 211.14586 211.14586
32.81027 0 8.61714 68.08409 68.084117 68.084117 68.08409 147.67885 147.67885 211.14587 211.14593 211.14593
32.81027 8.61714 0 68.08409 68.084117 68.084117 68.08409 147.67885 147.67885 211.14587 211.14593 211.14593
68.08402 68.08409 68.08409 0 39.512627 39.512627 65.4816 147.6788 147.6788 211.14582 211.14588 211.14588
68.084047 68.084117 68.084117 39.512627 0 0.446654 65.481627 147.678827 147.678827 211.145847 211.145907 211.145907
68.084047 68.084117 68.084117 39.512627 0.446654 0 65.481627 147.678827 147.678827 211.145847 211.145907 211.145907
68.08402 68.08409 68.08409 65.4816 65.481627 65.481627 0 147.6788 147.6788 211.14582 211.14588 211.14588
147.67878 147.67885 147.67885 147.6788 147.678827 147.678827 147.6788 0 2.82796 211.14578 211.14584 211.14584
147.67878 147.67885 147.67885 147.6788 147.678827 147.678827 147.6788 2.82796 0 211.14578 211.14584 211.14584
211.1458 211.14587 211.14587 211.14582 211.145847 211.145847 211.14582 211.14578 211.14578 0 60.43106 60.43106
211.14586 211.14593 211.14593 211.14588 211.145907 211.145907 211.14588 211.14584 211.14584 60.43106 0 7.14192
211.14586 211.14593 211.14593 211.14588 211.145907 211.145907 211.14588 211.14584 211.14584 60.43106 7.14192 0
