0 35.23141 35.23141 35.23146 35.23146 89.09823 89.0981784 89.0981784 89.098179 89.09817 89.09818 89.09818
35.23141 0 17.3137 25.11875 25.11875 89.09824 89.0981884 89.0981884 89.098189 89.09818 89.09819 89.09819
35.23141 17.3137 0 25.11875 25.11875 89.09824 89.0981884 89.0981884 89.098189 89.09818 89.09819 89.09819
35.23146 25.11875 25.11875 0 2.663 89.09829 89.0982384 89.0982384 89.098239 89.09823 89.09824 89.09824
35.23146 25.11875 25.11875 2.663 0 89.09829 89.0982384 89.0982384 89.098239 89.09823 89.09824 89.09824
89.09823 89.09824 89.09824 89.09829 89.09829 0 75.5595484 75.5595484 75.559549 75.55954 75.55955 75.55955
89.0981784 89.0981884 89.0981884 89.0982384 89.0982384 75.5595484 0 0.0604908 1.8764574 18.9615684 32.1208984 32.1208984
89.0981784 89.0981884 89.0981884 89.0982384 89.0982384 75.5595484 0.0604908 0 1.8764574 18.9615684 32.1208984 32.1208984
89.098179 89.098189 89.098189 89.098239 89.098239 75.559549 1.8764574 1.8764574 0 18.961569 32.120899 32.120899
89.09817 89.09818 89.09818 89.09823 89.09823 75.55954 18.9615684 18.9615684 18.961569 0 32.12089 32.12089
89.09818 89.09819 89.09819 89.09824 89.09824 75.55955 32.1208984 32.1208984 32.120899 32.12089 0 2.8901
89.09818 89.09819 89.09819 89.09824 89.09824 75.55955 32.1208984 32.1208984 32.120899 32.12089 2.8901 0
