0 1.01261 47.199812 47.199822 47.199822 47.199792 47.199758 47.199758 47.199805 47.1997981 47.1997981 54.896795
1.01261 0 47.199812 47.199822 47.199822 47.199792 47.199758 47.199758 47.199805 47.1997981 47.1997981 54.896795
47.199812 47.199812 0 10.01925 10.01925 31.90242 31.902386 31.902386 32.416987 32.4169801 32.4169801 54.896797
47.199822 47.199822 10.01925 0 6.75084 31.90243 31.902396 31.902396 32.416997 32.4169901 32.4169901 54.896807
47.199822 47.199822 10.01925 6.75084 0 31.90243 31.902396 31.902396 32.416997 32.4169901 32.4169901 54.896807
47.199792 47.199792 31.90242 31.90243 31.90243 0 21.897166 21.897166 32.416967 32.4169601 32.4169601 54.896777
47.199758 47.199758 31.902386 31.902396 31.902396 21.897166 0 0.723132 32.416933 32.4169261 32.4169261 54.896743
47.199758 47.199758 31.902386 31.902396 31.902396 21.897166 0.723132 0 32.416933 32.4169261 32.4169261 54.896743
47.199805 47.199805 32.416987 32.416997 32.416997 32.416967 32.416933 32.416933 0 4.3459731 4.3459731 54.89679
47.1997981 47.1997981 32.4169801 32.4169901 32.4169901 32.4169601 32.4169261 32.4169261 4.3459731 0 0.1089062 54.8967831
47.1997981 47.1997981 32.4169801 32.4169901 32.4169901 32.4169601 32.4169261 32.4169261 4.3459731 0.1089062 0 54.8967831
54.896795 54.896795 54.896797 54.896807 54.896807 54.896777 54.896743 54.896743 54.89679 54.8967831 54.8967831 0
