0 0.350898 18.010269 18.010269 44.081109 44.081109 50.293929 65.365509 65.365509 65.365489 65.365488 65.365488
0.350898 0 18.010269 18.010269 44.081109 44.081109 50.293929 65.365509 65.365509 65.365489 65.365488 65.365488
18.010269 18.010269 0 3.6322 44.08112 44.08112 50.29394 65.36552 65.36552 65.3655 65.365499 65.365499
18.010269 18.010269 3.6322 0 44.08112 44.08112 50.29394 65.36552 65.36552 65.3655 65.365499 65.365499
44.081109 44.081109 44.08112 44.08112 0 3.94636 50.29398 65.36556 65.36556 65.36554 65.365539 65.365539
44.081109 44.081109 44.08112 44.08112 3.94636 0 50.29398 65.36556 65.36556 65.36554 65.365539 65.365539
50.293929 50.293929 50.29394 50.29394 50.29398 50.29398 0 65.36558 65.36558 65.36556 65.365559 65.365559
65.365509 65.365509 65.36552 65.36552 65.36556 65.36556 65.36558 0 23.6534 34.54274 34.542739 34.542739
65.365509 65.365509 65.36552 65.36552 65.36556 65.36556 65.36558 23.6534 0 34.54274 34.542739 34.542739
65.365489 65.365489 65.3655 65.3655 65.36554 65.36554 65.36556 34.54274 34.54274 0 3.635519 3.635519
65.365488 65.365488 65.365499 65.365499 65.365539 65.365539 65.365559 34.542739 34.542739 3.635519 0 2.68502
65.365488 65.365488 65.365499 65.365499 65.365539 65.365539 65.365559 34.542739 34.542739 3.635519 2.68502 0
