0 47.28337 47.28337 47.28337 47.28337 183.43238 183.43238 183.43238 183.432448 183.432448 183.43245 183.43245
47.28337 0 13.86722 34.83822 34.83822 183.43235 183.43235 183.43235 183.432418 183.432418 183.43242 183.43242
47.28337 13.86722 0 34.83822 34.83822 183.43235 183.43235 183.43235 183.432418 183.432418 183.43242 183.43242
47.28337 34.83822 34.83822 0 2.67882 183.43235 183.43235 183.43235 183.432418 183.432418 183.43242 183.43242
47.28337 34.83822 34.83822 2.67882 0 183.43235 183.43235 183.43235 183.432418 183.432418 183.43242 183.43242
183.43238 183.43235 183.43235 183.43235 183.43235 0 121.5534 121.5534 136.019428 136.019428 136.01943 136.01943
183.43238 183.43235 183.43235 183.43235 183.43235 121.5534 0 40.5486 136.019428 136.019428 136.01943 136.01943
183.43238 183.43235 183.43235 183.43235 183.43235 121.5534 40.5486 0 136.019428 136.019428 136.01943 136.01943
183.432448 183.432418 183.432418 183.432418 183.432418 136.019428 136.019428 136.019428 0 0.693216 4.996498 4.996498
183.432448 183.432418 183.432418 183.432418 183.432418 136.019428 136.019428 136.019428 0.693216 0 4.996498 4.996498
183.43245 183.43242 183.43242 183.43242 183.43242 136.01943 136.01943 136.01943 4.996498 4.996498 0 4.12206
183.43245 183.43242 183.43242 183.43242 183.43242 136.01943 136.01943 136.01943 4.996498 4.996498 4.12206 0
