0 0.437214 10.945397 17.900537 17.900542 17.900542 43.245967 136.669178 136.669178 136.669178 136.669177 136.669267
0.437214 0 10.945397 17.900537 17.900542 17.900542 43.245967 136.669178 136.669178 136.669178 136.669177 136.669267
10.945397 10.945397 0 17.90054 17.900545 17.900545 43.24597 136.669181 136.669181 136.669181 136.66918 136.66927
17.900537 17.900537 17.90054 0 5.299945 5.299945 43.24597 136.669181 136.669181 136.669181 136.66918 136.66927
17.900542 17.900542 17.900545 5.299945 0 1.54643 43.245975 136.669186 136.669186 136.669186 136.669185 136.669275
17.900542 17.900542 17.900545 5.299945 1.54643 0 43.245975 136.669186 136.669186 136.669186 136.669185 136.669275
43.245967 43.245967 43.24597 43.24597 43.245975 43.245975 0 136.669211 136.669211 136.669211 136.66921 136.6693
136.669178 136.669178 136.669181 136.669181 136.669186 136.669186 136.669211 0 6.11698 6.11698 6.455421 35.647311
136.669178 136.669178 136.669181 136.669181 136.669186 136.669186 136.669211 6.11698 0 3.19726 6.455421 35.647311
136.669178 136.669178 136.669181 136.669181 136.669186 136.669186 136.669211 6.11698 3.19726 0 6.455421 35.647311
136.669177 136.669177 136.66918 136.66918 136.669185 136.669185 136.66921 6.455421 6.455421 6.455421 0 35.64731
136.669267 136.669267 136.66927 136.66927 136.669275 136.669275 136.6693 35.647311 35.647311 35.647311 35.64731 0
