0 11.07068 90.226743 90.226743 90.2267475 90.2267475 90.22672 90.22674 90.22674 106.02199 106.02199 106.02198
11.07068 0 90.226743 90.226743 90.2267475 90.2267475 90.22672 90.22674 90.22674 106.02199 106.02199 106.02198
90.226743 90.226743 0 0.084446 32.0018505 32.0018505 42.900023 86.613043 86.613043 106.022053 106.022053 106.022043
90.226743 90.226743 0.084446 0 32.0018505 32.0018505 42.900023 86.613043 86.613043 106.022053 106.022053 106.022043
90.2267475 90.2267475 32.0018505 32.0018505 0 0.190255 42.9000275 86.6130475 86.6130475 106.0220575 106.0220575 106.0220475
90.2267475 90.2267475 32.0018505 32.0018505 0.190255 0 42.9000275 86.6130475 86.6130475 106.0220575 106.0220575 106.0220475
90.22672 90.22672 42.900023 42.900023 42.9000275 42.9000275 0 86.61302 86.61302 106.02203 106.02203 106.02202
90.22674 90.22674 86.613043 86.613043 86.6130475 86.6130475 86.61302 0 11.32324 106.02205 106.02205 106.02204
90.22674 90.22674 86.613043 86.613043 86.6130475 86.6130475 86.61302 11.32324 0 106.02205 106.02205 106.02204
106.02199 106.02199 106.022053 106.022053 106.0220575 106.0220575 106.02203 106.02205 106.02205 0 22.7142 28.55441
106.02199 106.02199 106.022053 106.022053 106.0220575 106.0220575 106.02203 106.02205 106.02205 22.7142 0 28.55441
106.02198 106.02198 106.022043 106.022043 106.0220475 106.0220475 106.02202 106.02204 106.02204 28.55441 28.55441 0
