0 22.7798 38.98339 38.98339 38.9834 38.9834 38.98339 38.98337 90.17257 90.17261 90.17261 90.17261
22.7798 0 38.98339 38.98339 38.9834 38.9834 38.98339 38.98337 90.17257 90.17261 90.17261 90.17261
38.98339 38.98339 0 25.1354 28.79189 28.79189 28.79188 28.79186 90.17262 90.17266 90.17266 90.17266
38.98339 38.98339 25.1354 0 28.79189 28.79189 28.79188 28.79186 90.17262 90.17266 90.17266 90.17266
38.9834 38.9834 28.79189 28.79189 0 5.2125 13.75217 25.53203 90.17263 90.17267 90.17267 90.17267
38.9834 38.9834 28.79189 28.79189 5.2125 0 13.75217 25.53203 90.17263 90.17267 90.17267 90.17267
38.98339 38.98339 28.79188 28.79188 13.75217 13.75217 0 25.53202 90.17262 90.17266 90.17266 90.17266
38.98337 38.98337 28.79186 28.79186 25.53203 25.53203 25.53202 0 90.1726 90.17264 90.17264 90.17264
90.17257 90.17257 90.17262 90.17262 90.17263 90.17263 90.17262 90.1726 0 64.77544 64.77544 64.77544
90.17261 90.17261 90.17266 90.17266 90.17267 90.17267 90.17266 90.17264 64.77544 0 18.89588 18.89588
90.17261 90.17261 90.17266 90.17266 90.17267 90.17267 90.17266 90.17264 64.77544 18.89588 0 9.54726
90.17261 90.17261 90.17266 90.17266 90.17267 90.17267 90.17266 90.17264 64.77544 18.89588 9.54726 0
