0 0.680848 57.704284 57.704284 57.704274 89.271224 110.230324 163.774564 163.774564 218.442524 218.442584 218.442584
0.680848 0 57.704284 57.704284 57.704274 89.271224 110.230324 163.774564 163.774564 218.442524 218.442584 218.442584
57.704284 57.704284 0 4.80758 16.01491 89.27126 110.23036 163.7746 163.7746 218.44256 218.44262 218.44262
57.704284 57.704284 4.80758 0 16.01491 89.27126 110.23036 163.7746 163.7746 218.44256 218.44262 218.44262
57.704274 57.704274 16.01491 16.01491 0 89.27125 110.23035 163.77459 163.77459 218.44255 218.44261 218.44261
89.271224 89.271224 89.27126 89.27126 89.27125 0 110.2303 163.77454 163.77454 218.4425 218.44256 218.44256
110.230324 110.230324 110.23036 110.23036 110.23035 110.2303 0 163.77464 163.77464 218.4426 218.44266 218.44266
163.774564 163.774564 163.7746 163.7746 163.77459 163.77454 163.77464 0 18.95848 218.44264 218.4427 218.4427
163.774564 163.774564 163.7746 163.7746 163.77459 163.77454 163.77464 18.95848 0 218.44264 218.4427 218.4427
218.442524 218.442524 218.44256 218.44256 218.44255 218.4425 218.4426 218.44264 218.44264 0 50.84586 50.84586
218.442584 218.442584 218.44262 218.44262 218.44261 218.44256 218.44266 218.4427 218.4427 50.84586 0 6.98772
218.442584 218.442584 218.44262 218.44262 218.44261 218.44256 218.44266 218.4427 218.4427 50.84586 6.98772 0
