0 14.69092 46.12688 46.12688 46.12687 46.12693 46.126834 46.1269317 46.1269317 46.126928 46.126924 46.126924
14.69092 0 46.12688 46.12688 46.12687 46.12693 46.126834 46.1269317 46.1269317 46.126928 46.126924 46.126924
46.12688 46.12688 0 19.71544 27.04041 41.44207 41.441974 41.4420717 41.4420717 41.442068 41.442064 41.442064
46.12688 46.12688 19.71544 0 27.04041 41.44207 41.441974 41.4420717 41.4420717 41.442068 41.442064 41.442064
46.12687 46.12687 27.04041 27.04041 0 41.44206 41.441964 41.4420617 41.4420617 41.442058 41.442054 41.442054
46.12693 46.12693 41.44207 41.44207 41.44206 0 29.529704 29.5298017 29.5298017 29.529798 29.529794 29.529794
46.126834 46.126834 41.441974 41.441974 41.441964 29.529704 0 27.9240977 27.9240977 27.924094 27.92409 27.92409
46.1269317 46.1269317 41.4420717 41.4420717 41.4420617 29.5298017 27.9240977 0 0.0583674 2.2038837 2.8125877 7.6765877
46.1269317 46.1269317 41.4420717 41.4420717 41.4420617 29.5298017 27.9240977 0.0583674 0 2.2038837 2.8125877 7.6765877
46.126928 46.126928 41.442068 41.442068 41.442058 29.529798 27.924094 2.2038837 2.2038837 0 2.812584 7.676584
46.126924 46.126924 41.442064 41.442064 41.442054 29.529794 27.92409 2.8125877 2.8125877 2.812584 0 7.67658
46.126924 46.126924 41.442064 41.442064 41.442054 29.529794 27.92409 7.6765877 7.6765877 7.676584 7.67658 0
