0 25.4976 88.7609 88.7609 155.5877 155.5877 155.587733 155.587733 155.587723 155.58773 238.56789 238.56789
25.4976 0 88.7609 88.7609 155.5877 155.5877 155.587733 155.587733 155.587723 155.58773 238.56789 238.56789
88.7609 88.7609 0 24.761 155.5878 155.5878 155.587833 155.587833 155.587823 155.58783 238.56799 238.56799
88.7609 88.7609 24.761 0 155.5878 155.5878 155.587833 155.587833 155.587823 155.58783 238.56799 238.56799
155.5877 155.5877 155.5878 155.5878 0 36.3062 110.258433 110.258433 110.258423 110.25843 238.56799 238.56799
155.5877 155.5877 155.5878 155.5878 36.3062 0 110.258433 110.258433 110.258423 110.25843 238.56799 238.56799
155.587733 155.587733 155.587833 155.587833 110.258433 110.258433 0 3.2711 11.70123 13.065863 238.568023 238.568023
155.587733 155.587733 155.587833 155.587833 110.258433 110.258433 3.2711 0 11.70123 13.065863 238.568023 238.568023
155.587723 155.587723 155.587823 155.587823 110.258423 110.258423 11.70123 11.70123 0 13.065853 238.568013 238.568013
155.58773 155.58773 155.58783 155.58783 110.25843 110.25843 13.065863 13.065863 13.065853 0 238.56802 238.56802
238.56789 238.56789 238.56799 238.56799 238.56799 238.56799 238.568023 238.568023 238.568013 238.56802 0 17.55038
238.56789 238.56789 238.56799 238.56799 238.56799 238.56799 238.568023 238.568023 238.568013 238.56802 17.55038 0
