0 3.14262 34.29782 34.29782 92.8895 92.88952 92.88952 92.8895 92.889444 92.889444 92.88949 92.88949
3.14262 0 34.29782 34.29782 92.8895 92.88952 92.88952 92.8895 92.889444 92.889444 92.88949 92.88949
34.29782 34.29782 0 3.76002 92.8895 92.88952 92.88952 92.8895 92.889444 92.889444 92.88949 92.88949
34.29782 34.29782 3.76002 0 92.8895 92.88952 92.88952 92.8895 92.889444 92.889444 92.88949 92.88949
92.8895 92.8895 92.8895 92.8895 0 36.88802 36.88802 67.3886 77.117064 77.117064 77.11711 77.11711
92.88952 92.88952 92.88952 92.88952 36.88802 0 4.13024 67.38862 77.117084 77.117084 77.11713 77.11713
92.88952 92.88952 92.88952 92.88952 36.88802 4.13024 0 67.38862 77.117084 77.117084 77.11713 77.11713
92.8895 92.8895 92.8895 92.8895 67.3886 67.38862 67.38862 0 77.117064 77.117064 77.11711 77.11711
92.889444 92.889444 92.889444 92.889444 77.117064 77.117084 77.117084 77.117064 0 0.206608 48.315454 48.315454
92.889444 92.889444 92.889444 92.889444 77.117064 77.117084 77.117084 77.117064 0.206608 0 48.315454 48.315454
92.88949 92.88949 92.88949 92.88949 77.11711 77.11713 77.11713 77.11711 48.315454 48.315454 0 13.3715
92.88949 92.88949 92.88949 92.88949 77.11711 77.11713 77.11713 77.11711 48.315454 48.315454 13.3715 0
