0 33.96025 33.9602538 33.9602538 33.9602488 33.96025 33.96025 44.1357682 44.1357682 44.13578 44.13573 44.13573
33.96025 0 9.3347038 9.3347038 9.3346988 9.3347 15.59882 44.1358182 44.1358182 44.13583 44.13578 44.13578
33.9602538 9.3347038 0 5.2216 5.711965 5.8075038 15.5988238 44.135822 44.135822 44.1358338 44.1357838 44.1357838
33.9602538 9.3347038 5.2216 0 5.711965 5.8075038 15.5988238 44.135822 44.135822 44.1358338 44.1357838 44.1357838
33.9602488 9.3346988 5.711965 5.711965 0 5.8074988 15.5988188 44.135817 44.135817 44.1358288 44.1357788 44.1357788
33.96025 9.3347 5.8075038 5.8075038 5.8074988 0 15.59882 44.1358182 44.1358182 44.13583 44.13578 44.13578
33.96025 15.59882 15.5988238 15.5988238 15.5988188 15.59882 0 44.1358182 44.1358182 44.13583 44.13578 44.13578
44.1357682 44.1358182 44.135822 44.135822 44.135817 44.1358182 44.1358182 0 0.1595764 35.6949882 41.6320382 41.6320382
44.1357682 44.1358182 44.135822 44.135822 44.135817 44.1358182 44.1358182 0.1595764 0 35.6949882 41.6320382 41.6320382
44.13578 44.13583 44.1358338 44.1358338 44.1358288 44.13583 44.13583 35.6949882 35.6949882 0 41.63205 41.63205
44.13573 44.13578 44.1357838 44.1357838 44.1357788 44.13578 44.13578 41.6320382 41.6320382 41.63205 0 27.3504
44.13573 44.13578 44.1357838 44.1357838 44.1357788 44.13578 44.13578 41.6320382 41.6320382 41.63205 27.3504 0
