0 19.86477 19.86477 22.27201 29.171859 29.171859 83.04021 83.04021 97.07642 97.07647 97.07647 97.07652
19.86477 0 7.36622 22.272 29.171849 29.171849 83.0402 83.0402 97.07641 97.07646 97.07646 97.07651
19.86477 7.36622 0 22.272 29.171849 29.171849 83.0402 83.0402 97.07641 97.07646 97.07646 97.07651
22.27201 22.272 22.272 0 29.171849 29.171849 83.0402 83.0402 97.07641 97.07646 97.07646 97.07651
29.171859 29.171849 29.171849 29.171849 0 0.899098 83.040249 83.040249 97.076459 97.076509 97.076509 97.076559
29.171859 29.171849 29.171849 29.171849 0.899098 0 83.040249 83.040249 97.076459 97.076509 97.076509 97.076559
83.04021 83.0402 83.0402 83.0402 83.040249 83.040249 0 21.4044 97.07641 97.07646 97.07646 97.07651
83.04021 83.0402 83.0402 83.0402 83.040249 83.040249 21.4044 0 97.07641 97.07646 97.07646 97.07651
97.07642 97.07641 97.07641 97.07641 97.076459 97.076459 97.07641 97.07641 0 64.06245 64.06245 64.0625
97.07647 97.07646 97.07646 97.07646 97.076509 97.076509 97.07646 97.07646 64.06245 0 14.13386 29.06495
97.07647 97.07646 97.07646 97.07646 97.076509 97.076509 97.07646 97.07646 64.06245 14.13386 0 29.06495
97.07652 97.07651 97.07651 97.07651 97.076559 97.076559 97.07651 97.07651 64.0625 29.06495 29.06495 0
