0 0.050456 7.589061 7.589061 34.374708 34.374708 77.984738 77.984738 77.984708 77.984708 77.984708 77.984708
0.050456 0 7.589061 7.589061 34.374708 34.374708 77.984738 77.984738 77.984708 77.984708 77.984708 77.984708
7.589061 7.589061 0 7.1721 34.374713 34.374713 77.984743 77.984743 77.984713 77.984713 77.984713 77.984713
7.589061 7.589061 7.1721 0 34.374713 34.374713 77.984743 77.984743 77.984713 77.984713 77.984713 77.984713
34.374708 34.374708 34.374713 34.374713 0 18.43176 77.98479 77.98479 77.98476 77.98476 77.98476 77.98476
34.374708 34.374708 34.374713 34.374713 18.43176 0 77.98479 77.98479 77.98476 77.98476 77.98476 77.98476
77.984738 77.984738 77.984743 77.984743 77.98479 77.98479 0 65.9328 65.93277 65.93277 65.93277 65.93277
77.984738 77.984738 77.984743 77.984743 77.98479 77.98479 65.9328 0 21.32117 21.32117 21.32117 21.32117
77.984708 77.984708 77.984713 77.984713 77.98476 77.98476 65.93277 21.32117 0 5.13964 10.9815 10.9815
77.984708 77.984708 77.984713 77.984713 77.98476 77.98476 65.93277 21.32117 5.13964 0 10.9815 10.9815
77.984708 77.984708 77.984713 77.984713 77.98476 77.98476 65.93277 21.32117 10.9815 10.9815 0 8.13694
77.984708 77.984708 77.984713 77.984713 77.98476 77.98476 65.93277 21.32117 10.9815 10.9815 8.13694 0
