0 47.69782 47.69785 47.69785 75.36879 75.36879 90.33897 90.33897 90.33902 90.33898 90.33897 90.33897
47.69782 0 43.00403 43.00403 75.36881 75.36881 90.33899 90.33899 90.33904 90.339 90.33899 90.33899
47.69785 43.00403 0 14.77906 75.36884 75.36884 90.33902 90.33902 90.33907 90.33903 90.33902 90.33902
47.69785 43.00403 14.77906 0 75.36884 75.36884 90.33902 90.33902 90.33907 90.33903 90.33902 90.33902
75.36879 75.36881 75.36884 75.36884 0 14.85318 90.33896 90.33896 90.33901 90.33897 90.33896 90.33896
75.36879 75.36881 75.36884 75.36884 14.85318 0 90.33896 90.33896 90.33901 90.33897 90.33896 90.33896
90.33897 90.33899 90.33902 90.33902 90.33896 90.33896 0 44.8502 51.17775 84.48231 84.4823 84.4823
90.33897 90.33899 90.33902 90.33902 90.33896 90.33896 44.8502 0 51.17775 84.48231 84.4823 84.4823
90.33902 90.33904 90.33907 90.33907 90.33901 90.33901 51.17775 51.17775 0 84.48236 84.48235 84.48235
90.33898 90.339 90.33903 90.33903 90.33897 90.33897 84.48231 84.48231 84.48236 0 6.10191 6.10191
90.33897 90.33899 90.33902 90.33902 90.33896 90.33896 84.4823 84.4823 84.48235 6.10191 0 2.3187
90.33897 90.33899 90.33902 90.33902 90.33896 90.33896 84.4823 84.4823 84.48235 6.10191 2.3187 0
