0 28.68764 28.68764 135.74 135.74001 135.74001 135.7401 135.740109 135.740109 135.74011 135.74011 135.74011
28.68764 0 2.64308 135.74004 135.74005 135.74005 135.74014 135.740149 135.740149 135.74015 135.74015 135.74015
28.68764 2.64308 0 135.74004 135.74005 135.74005 135.74014 135.740149 135.740149 135.74015 135.74015 135.74015
135.74 135.74004 135.74004 0 43.72241 43.72241 109.6075 109.607509 109.607509 109.60751 109.60751 109.60751
135.74001 135.74005 135.74005 43.72241 0 4.52862 109.60751 109.607519 109.607519 109.60752 109.60752 109.60752
135.74001 135.74005 135.74005 43.72241 4.52862 0 109.60751 109.607519 109.607519 109.60752 109.60752 109.60752
135.7401 135.74014 135.74014 109.6075 109.60751 109.60751 0 34.429009 34.429009 34.42901 34.42901 34.42901
135.740109 135.740149 135.740149 109.607509 109.607519 109.607519 34.429009 0 23.083 24.896559 24.896559 24.896559
135.740109 135.740149 135.740149 109.607509 109.607519 109.607519 34.429009 23.083 0 24.896559 24.896559 24.896559
135.74011 135.74015 135.74015 109.60751 109.60752 109.60752 34.42901 24.896559 24.896559 0 16.60174 16.60174
135.74011 135.74015 135.74015 109.60751 109.60752 109.60752 34.42901 24.896559 24.896559 16.60174 0 8.8934
135.74011 135.74015 135.74015 109.60751 109.60752 109.60752 34.42901 24.896559 24.896559 16.60174 8.8934 0
