0 1.414746 42.188973 77.684573 77.684573 77.684573 77.684573 99.039673 99.039663 99.039663 99.039663 99.039703
1.414746 0 42.188973 77.684573 77.684573 77.684573 77.684573 99.039673 99.039663 99.039663 99.039663 99.039703
42.188973 42.188973 0 77.6846 77.6846 77.6846 77.6846 99.0397 99.03969 99.03969 99.03969 99.03973
77.684573 77.684573 77.6846 0 53.634 53.634 53.634 99.0397 99.03969 99.03969 99.03969 99.03973
77.684573 77.684573 77.6846 53.634 0 6.30252 15.7468 99.0397 99.03969 99.03969 99.03969 99.03973
77.684573 77.684573 77.6846 53.634 6.30252 0 15.7468 99.0397 99.03969 99.03969 99.03969 99.03973
77.684573 77.684573 77.6846 53.634 15.7468 15.7468 0 99.0397 99.03969 99.03969 99.03969 99.03973
99.039673 99.039673 99.0397 99.0397 99.0397 99.0397 99.0397 0 56.25999 56.25999 56.25999 56.26003
99.039663 99.039663 99.03969 99.03969 99.03969 99.03969 99.03969 56.25999 0 6.06892 6.06892 52.87936
99.039663 99.039663 99.03969 99.03969 99.03969 99.03969 99.03969 56.25999 6.06892 0 2.3205 52.87936
99.039663 99.039663 99.03969 99.03969 99.03969 99.03969 99.03969 56.25999 6.06892 2.3205 0 52.87936
99.039703 99.039703 99.03973 99.03973 99.03973 99.03973 99.03973 56.26003 52.87936 52.87936 52.87936 0
