0 9.68396 17.10264 17.352467 17.352467 28.616387 60.190717 60.190717 60.190727 60.1907263 60.1907263 72.100427
9.68396 0 17.10264 17.352467 17.352467 28.616387 60.190717 60.190717 60.190727 60.1907263 60.1907263 72.100427
17.10264 17.10264 0 17.352467 17.352467 28.616387 60.190717 60.190717 60.190727 60.1907263 60.1907263 72.100427
17.352467 17.352467 17.352467 0 13.18134 28.61638 60.19071 60.19071 60.19072 60.1907193 60.1907193 72.10042
17.352467 17.352467 17.352467 13.18134 0 28.61638 60.19071 60.19071 60.19072 60.1907193 60.1907193 72.10042
28.616387 28.616387 28.616387 28.61638 28.61638 0 60.19073 60.19073 60.19074 60.1907393 60.1907393 72.10044
60.190717 60.190717 60.190717 60.19071 60.19071 60.19073 0 25.0462 38.76867 38.7686693 38.7686693 72.10037
60.190717 60.190717 60.190717 60.19071 60.19071 60.19073 25.0462 0 38.76867 38.7686693 38.7686693 72.10037
60.190727 60.190727 60.190727 60.19072 60.19072 60.19074 38.76867 38.76867 0 4.9354793 4.9354793 72.10038
60.1907263 60.1907263 60.1907263 60.1907193 60.1907193 60.1907393 38.7686693 38.7686693 4.9354793 0 0.0256586 72.1003793
60.1907263 60.1907263 60.1907263 60.1907193 60.1907193 60.1907393 38.7686693 38.7686693 4.9354793 0.0256586 0 72.1003793
72.100427 72.100427 72.100427 72.10042 72.10042 72.10044 72.10037 72.10037 72.10038 72.1003793 72.1003793 0
