0 25.10584 25.10584 25.10588 26.292185 41.006775 81.358595 81.358595 108.980035 108.980035 127.638635 127.638635
25.10584 0 10.8163 20.88216 26.292225 41.006815 81.358635 81.358635 108.980075 108.980075 127.638675 127.638675
25.10584 10.8163 0 20.88216 26.292225 41.006815 81.358635 81.358635 108.980075 108.980075 127.638675 127.638675
25.10588 20.88216 20.88216 0 26.292265 41.006855 81.358675 81.358675 108.980115 108.980115 127.638715 127.638715
26.292185 26.292225 26.292225 26.292265 0 41.00679 81.35861 81.35861 108.98005 108.98005 127.63865 127.63865
41.006775 41.006815 41.006815 41.006855 41.00679 0 81.35862 81.35862 108.98006 108.98006 127.63866 127.63866
81.358595 81.358635 81.358635 81.358675 81.35861 81.35862 0 12.86444 108.98008 108.98008 127.63868 127.63868
81.358595 81.358635 81.358635 81.358675 81.35861 81.35862 12.86444 0 108.98008 108.98008 127.63868 127.63868
108.980035 108.980075 108.980075 108.980115 108.98005 108.98006 108.98008 108.98008 0 6.22712 127.63872 127.63872
108.980035 108.980075 108.980075 108.980115 108.98005 108.98006 108.98008 108.98008 6.22712 0 127.63872 127.63872
127.638635 127.638675 127.638675 127.638715 127.63865 127.63866 127.63868 127.63868 127.63872 127.63872 0 10.41788
127.638635 127.638675 127.638675 127.638715 127.63865 127.63866 127.63868 127.63868 127.63872 127.63872 10.41788 0
