0 24.56217 24.562161 24.562171 24.562171 24.562161 24.56217 24.562168 24.562168 24.56217 67.482398 67.482398
24.56217 0 17.835971 17.835981 17.835981 17.835971 21.95234 21.952338 21.952338 21.95234 67.482368 67.482368
24.562161 17.835971 0 16.28239 16.28239 16.28238 21.952331 21.952329 21.952329 21.952331 67.482359 67.482359
24.562171 17.835981 16.28239 0 2.64866 7.73595 21.952341 21.952339 21.952339 21.952341 67.482369 67.482369
24.562171 17.835981 16.28239 2.64866 0 7.73595 21.952341 21.952339 21.952339 21.952341 67.482369 67.482369
24.562161 17.835971 16.28238 7.73595 7.73595 0 21.952331 21.952329 21.952329 21.952331 67.482359 67.482359
24.56217 21.95234 21.952331 21.952341 21.952341 21.952331 0 8.687978 8.687978 8.68798 67.482368 67.482368
24.562168 21.952338 21.952329 21.952339 21.952339 21.952329 8.687978 0 3.24196 5.240518 67.482366 67.482366
24.562168 21.952338 21.952329 21.952339 21.952339 21.952329 8.687978 3.24196 0 5.240518 67.482366 67.482366
24.56217 21.95234 21.952331 21.952341 21.952341 21.952331 8.68798 5.240518 5.240518 0 67.482368 67.482368
67.482398 67.482368 67.482359 67.482369 67.482369 67.482359 67.482368 67.482366 67.482366 67.482368 0 1.144396
67.482398 67.482368 67.482359 67.482369 67.482369 67.482359 67.482368 67.482366 67.482366 67.482368 1.144396 0
