0 9.2292 68.9282 88.370959 88.370964 88.37096367 88.37096367 88.370959 88.370962 88.370962 173.92537 173.92537
9.2292 0 68.9282 88.370959 88.370964 88.37096367 88.37096367 88.370959 88.370962 88.370962 173.92537 173.92537
68.9282 68.9282 0 88.370959 88.370964 88.37096367 88.37096367 88.370959 88.370962 88.370962 173.92537 173.92537
88.370959 88.370959 88.370959 0 2.068725 2.06872467 2.06872467 13.7565 14.631381 14.631381 173.925389 173.925389
88.370964 88.370964 88.370964 2.068725 0 0.96753167 0.96753167 13.756505 14.631386 14.631386 173.925394 173.925394
88.37096367 88.37096367 88.37096367 2.06872467 0.96753167 0 0.00698734 13.75650467 14.63138567 14.63138567 173.92539367 173.92539367
88.37096367 88.37096367 88.37096367 2.06872467 0.96753167 0.00698734 0 13.75650467 14.63138567 14.63138567 173.92539367 173.92539367
88.370959 88.370959 88.370959 13.7565 13.756505 13.75650467 13.75650467 0 14.631381 14.631381 173.925389 173.925389
88.370962 88.370962 88.370962 14.631381 14.631386 14.63138567 14.63138567 14.631381 0 13.53914 173.925392 173.925392
88.370962 88.370962 88.370962 14.631381 14.631386 14.63138567 14.63138567 14.631381 13.53914 0 173.925392 173.925392
173.92537 173.92537 173.92537 173.925389 173.925394 173.92539367 173.92539367 173.925389 173.925392 173.925392 0 54.7694
173.92537 173.92537 173.92537 173.925389 173.925394 173.92539367 173.92539367 173.925389 173.925392 173.925392 54.7694 0
