0 29.5444 29.5444 29.544404 29.544404 29.544395 29.544395 29.544405 29.544404 29.544404 29.544405 29.544405
29.5444 0 27.9756 27.975604 27.975604 27.975595 27.975595 27.975605 27.975604 27.975604 27.975605 27.975605
29.5444 27.9756 0 17.121884 17.121884 17.121875 17.121875 17.121885 17.121884 17.121884 17.121885 17.121885
29.544404 27.975604 17.121884 0 6.0571 15.568751 15.568751 15.568761 15.56876 15.56876 15.568761 15.568761
29.544404 27.975604 17.121884 6.0571 0 15.568751 15.568751 15.568761 15.56876 15.56876 15.568761 15.568761
29.544395 27.975595 17.121875 15.568751 15.568751 0 9.74688 13.95997 13.959969 13.959969 13.95997 13.95997
29.544395 27.975595 17.121875 15.568751 15.568751 9.74688 0 13.95997 13.959969 13.959969 13.95997 13.95997
29.544405 27.975605 17.121885 15.568761 15.568761 13.95997 13.95997 0 11.529039 11.529039 11.52904 11.52904
29.544404 27.975604 17.121884 15.56876 15.56876 13.959969 13.959969 11.529039 0 0.359638 5.965199 5.965199
29.544404 27.975604 17.121884 15.56876 15.56876 13.959969 13.959969 11.529039 0.359638 0 5.965199 5.965199
29.544405 27.975605 17.121885 15.568761 15.568761 13.95997 13.95997 11.52904 5.965199 5.965199 0 3.76536
29.544405 27.975605 17.121885 15.568761 15.568761 13.95997 13.95997 11.52904 5.965199 5.965199 3.76536 0
