0 1.50057 4.837015 24.6718247 24.6718257 24.6718257 24.671823 24.671823 24.671823 24.671825 24.671825 45.521615
1.50057 0 4.837015 24.6718247 24.6718257 24.6718257 24.671823 24.671823 24.671823 24.671825 24.671825 45.521615
4.837015 4.837015 0 24.6718297 24.6718307 24.6718307 24.671828 24.671828 24.671828 24.67183 24.67183 45.52162
24.6718247 24.6718247 24.6718297 0 6.248581 6.248581 6.3904777 6.3904777 6.3904777 10.6961597 10.6961597 45.5216097
24.6718257 24.6718257 24.6718307 6.248581 0 5.35768 6.3904787 6.3904787 6.3904787 10.6961607 10.6961607 45.5216107
24.6718257 24.6718257 24.6718307 6.248581 5.35768 0 6.3904787 6.3904787 6.3904787 10.6961607 10.6961607 45.5216107
24.671823 24.671823 24.671828 6.3904777 6.3904787 6.3904787 0 6.02378 6.02378 10.696158 10.696158 45.521608
24.671823 24.671823 24.671828 6.3904777 6.3904787 6.3904787 6.02378 0 2.6387 10.696158 10.696158 45.521608
24.671823 24.671823 24.671828 6.3904777 6.3904787 6.3904787 6.02378 2.6387 0 10.696158 10.696158 45.521608
24.671825 24.671825 24.67183 10.6961597 10.6961607 10.6961607 10.696158 10.696158 10.696158 0 6.28982 45.52161
24.671825 24.671825 24.67183 10.6961597 10.6961607 10.6961607 10.696158 10.696158 10.696158 6.28982 0 45.52161
45.521615 45.521615 45.52162 45.5216097 45.5216107 45.5216107 45.521608 45.521608 45.521608 45.52161 45.52161 0
