0 15.47354 22.23602 172.56806 172.56807 172.56807 172.56798 172.56798 172.5681 172.5681 172.56806 172.56806
15.47354 0 22.23602 172.56806 172.56807 172.56807 172.56798 172.56798 172.5681 172.5681 172.56806 172.56806
22.23602 22.23602 0 172.56804 172.56805 172.56805 172.56796 172.56796 172.56808 172.56808 172.56804 172.56804
172.56806 172.56806 172.56804 0 37.72861 37.72861 42.28704 42.28704 129.19876 129.19876 154.62012 154.62012
172.56807 172.56807 172.56805 37.72861 0 6.80402 42.28705 42.28705 129.19877 129.19877 154.62013 154.62013
172.56807 172.56807 172.56805 37.72861 6.80402 0 42.28705 42.28705 129.19877 129.19877 154.62013 154.62013
172.56798 172.56798 172.56796 42.28704 42.28705 42.28705 0 24.1364 129.19868 129.19868 154.62004 154.62004
172.56798 172.56798 172.56796 42.28704 42.28705 42.28705 24.1364 0 129.19868 129.19868 154.62004 154.62004
172.5681 172.5681 172.56808 129.19876 129.19877 129.19877 129.19868 129.19868 0 30.726 154.62016 154.62016
172.5681 172.5681 172.56808 129.19876 129.19877 129.19877 129.19868 129.19868 30.726 0 154.62016 154.62016
172.56806 172.56806 172.56804 154.62012 154.62013 154.62013 154.62004 154.62004 154.62016 154.62016 0 8.08272
172.56806 172.56806 172.56804 154.62012 154.62013 154.62013 154.62004 154.62004 154.62016 154.62016 8.08272 0
