0 33.285 36.99381 46.696625 46.696625 46.696625 46.696555 46.6966 46.6966 81.6786 88.42246 88.42246
33.285 0 36.99381 46.696625 46.696625 46.696625 46.696555 46.6966 46.6966 81.6786 88.42246 88.42246
36.99381 36.99381 0 46.696615 46.696615 46.696615 46.696545 46.69659 46.69659 81.67859 88.42245 88.42245
46.696625 46.696625 46.696615 0 5.51644 8.65434 30.79427 32.653845 32.653845 81.678625 88.422485 88.422485
46.696625 46.696625 46.696615 5.51644 0 8.65434 30.79427 32.653845 32.653845 81.678625 88.422485 88.422485
46.696625 46.696625 46.696615 8.65434 8.65434 0 30.79427 32.653845 32.653845 81.678625 88.422485 88.422485
46.696555 46.696555 46.696545 30.79427 30.79427 30.79427 0 32.653775 32.653775 81.678555 88.422415 88.422415
46.6966 46.6966 46.69659 32.653845 32.653845 32.653845 32.653775 0 1.23802 81.6786 88.42246 88.42246
46.6966 46.6966 46.69659 32.653845 32.653845 32.653845 32.653775 1.23802 0 81.6786 88.42246 88.42246
81.6786 81.6786 81.67859 81.678625 81.678625 81.678625 81.678555 81.6786 81.6786 0 88.42246 88.42246
88.42246 88.42246 88.42245 88.422485 88.422485 88.422485 88.422415 88.42246 88.42246 88.42246 0 25.0404
88.42246 88.42246 88.42245 88.422485 88.422485 88.422485 88.422415 88.42246 88.42246 88.42246 25.0404 0
