0 108.98396 108.9839293 108.9839293 108.98396 108.98401 108.98402 108.984014 108.98402 108.98402 108.98401 108.984
108.98396 0 79.9751693 79.9751693 79.9752 85.44037 85.44038 85.440374 85.44038 85.44038 85.44037 85.44036
108.9839293 79.9751693 0 0.1087386 39.3303693 85.4403393 85.4403493 85.4403433 85.4403493 85.4403493 85.4403393 85.4403293
108.9839293 79.9751693 0.1087386 0 39.3303693 85.4403393 85.4403493 85.4403433 85.4403493 85.4403493 85.4403393 85.4403293
108.98396 79.9752 39.3303693 39.3303693 0 85.44037 85.44038 85.440374 85.44038 85.44038 85.44037 85.44036
108.98401 85.44037 85.4403393 85.4403393 85.44037 0 14.16683 14.166824 14.16683 14.16683 14.16682 36.67541
108.98402 85.44038 85.4403493 85.4403493 85.44038 14.16683 0 7.645094 7.6451 7.6451 10.57603 36.67542
108.984014 85.440374 85.4403433 85.4403433 85.440374 14.166824 7.645094 0 7.215746 7.215746 10.576024 36.675414
108.98402 85.44038 85.4403493 85.4403493 85.44038 14.16683 7.6451 7.215746 0 6.75682 10.57603 36.67542
108.98402 85.44038 85.4403493 85.4403493 85.44038 14.16683 7.6451 7.215746 6.75682 0 10.57603 36.67542
108.98401 85.44037 85.4403393 85.4403393 85.44037 14.16682 10.57603 10.576024 10.57603 10.57603 0 36.67541
108.984 85.44036 85.4403293 85.4403293 85.44036 36.67541 36.67542 36.675414 36.67542 36.67542 36.67541 0
