0 10.26984 50.34192 53.03222 53.03226 53.03226 96.30087 96.30087 96.30087 96.30087 96.30092 161.71582
10.26984 0 50.34192 53.03222 53.03226 53.03226 96.30087 96.30087 96.30087 96.30087 96.30092 161.71582
50.34192 50.34192 0 53.0323 53.03234 53.03234 96.30095 96.30095 96.30095 96.30095 96.301 161.7159
53.03222 53.03222 53.0323 0 23.93104 23.93104 96.30085 96.30085 96.30085 96.30085 96.3009 161.7158
53.03226 53.03226 53.03234 23.93104 0 7.16444 96.30089 96.30089 96.30089 96.30089 96.30094 161.71584
53.03226 53.03226 53.03234 23.93104 7.16444 0 96.30089 96.30089 96.30089 96.30089 96.30094 161.71584
96.30087 96.30087 96.30095 96.30085 96.30089 96.30089 0 22.2646 22.2646 22.2646 33.50575 161.71585
96.30087 96.30087 96.30095 96.30085 96.30089 96.30089 22.2646 0 13.00876 13.00876 33.50575 161.71585
96.30087 96.30087 96.30095 96.30085 96.30089 96.30089 22.2646 13.00876 0 3.6378 33.50575 161.71585
96.30087 96.30087 96.30095 96.30085 96.30089 96.30089 22.2646 13.00876 3.6378 0 33.50575 161.71585
96.30092 96.30092 96.301 96.3009 96.30094 96.30094 33.50575 33.50575 33.50575 33.50575 0 161.7159
161.71582 161.71582 161.7159 161.7158 161.71584 161.71584 161.71585 161.71585 161.71585 161.71585 161.7159 0
