0 8.335007 8.335015 8.335015 8.33501 27.68516 30.57429 30.574283 30.57429 30.57429 50.92702 51.358995
8.335007 0 4.674708 4.674708 5.086977 27.685147 30.574277 30.57427 30.574277 30.574277 50.927007 51.358982
8.335015 4.674708 0 4.305 5.086985 27.685155 30.574285 30.574278 30.574285 30.574285 50.927015 51.35899
8.335015 4.674708 4.305 0 5.086985 27.685155 30.574285 30.574278 30.574285 30.574285 50.927015 51.35899
8.33501 5.086977 5.086985 5.086985 0 27.68515 30.57428 30.574273 30.57428 30.57428 50.92701 51.358985
27.68516 27.685147 27.685155 27.685155 27.68515 0 30.57433 30.574323 30.57433 30.57433 50.92706 51.359035
30.57429 30.574277 30.574285 30.574285 30.57428 30.57433 0 9.448533 9.44854 9.44854 50.92707 51.359045
30.574283 30.57427 30.574278 30.574278 30.574273 30.574323 9.448533 0 7.582267 7.582267 50.927063 51.359038
30.57429 30.574277 30.574285 30.574285 30.57428 30.57433 9.44854 7.582267 0 0.481674 50.92707 51.359045
30.57429 30.574277 30.574285 30.574285 30.57428 30.57433 9.44854 7.582267 0.481674 0 50.92707 51.359045
50.92702 50.927007 50.927015 50.927015 50.92701 50.92706 50.92707 50.927063 50.92707 50.92707 0 51.358975
51.358995 51.358982 51.35899 51.35899 51.358985 51.359035 51.359045 51.359038 51.359045 51.359045 51.358975 0
