0 15.82728 28.997675 28.997675 30.213741 30.213739 30.213739 30.2137388 30.2137388 119.955991 119.956011 119.956011
15.82728 0 28.997675 28.997675 30.213741 30.213739 30.213739 30.2137388 30.2137388 119.955991 119.956011 119.956011
28.997675 28.997675 0 0.58145 30.213716 30.213714 30.213714 30.2137138 30.2137138 119.955966 119.955986 119.955986
28.997675 28.997675 0.58145 0 30.213716 30.213714 30.213714 30.2137138 30.2137138 119.955966 119.955986 119.955986
30.213741 30.213741 30.213716 30.213716 0 9.801098 9.801098 9.8010978 9.8010978 119.95595 119.95597 119.95597
30.213739 30.213739 30.213714 30.213714 9.801098 0 8.9611 8.9610998 8.9610998 119.955948 119.955968 119.955968
30.213739 30.213739 30.213714 30.213714 9.801098 8.9611 0 2.3138398 2.3138398 119.955948 119.955968 119.955968
30.2137388 30.2137388 30.2137138 30.2137138 9.8010978 8.9610998 2.3138398 0 0.1011796 119.9559478 119.9559678 119.9559678
30.2137388 30.2137388 30.2137138 30.2137138 9.8010978 8.9610998 2.3138398 0.1011796 0 119.9559478 119.9559678 119.9559678
119.955991 119.955991 119.955966 119.955966 119.95595 119.955948 119.955948 119.9559478 119.9559478 0 29.12562 29.12562
119.956011 119.956011 119.955986 119.955986 119.95597 119.955968 119.955968 119.9559678 119.9559678 29.12562 0 19.65876
119.956011 119.956011 119.955986 119.955986 119.95597 119.955968 119.955968 119.9559678 119.9559678 29.12562 19.65876 0
