0 1.459912 90.621156 102.455726 175.377286 175.3772879 175.3772879 175.377326 175.377326 175.377306 175.377316 175.377316
1.459912 0 90.621156 102.455726 175.377286 175.3772879 175.3772879 175.377326 175.377326 175.377306 175.377316 175.377316
90.621156 90.621156 0 102.45577 175.37733 175.3773319 175.3773319 175.37737 175.37737 175.37735 175.37736 175.37736
102.455726 102.455726 102.45577 0 175.37736 175.3773619 175.3773619 175.3774 175.3774 175.37738 175.37739 175.37739
175.377286 175.377286 175.37733 175.37736 0 6.5053219 6.5053219 55.15676 55.15676 55.15674 55.15675 55.15675
175.3772879 175.3772879 175.3773319 175.3773619 6.5053219 0 0.1062038 55.1567619 55.1567619 55.1567419 55.1567519 55.1567519
175.3772879 175.3772879 175.3773319 175.3773619 6.5053219 0.1062038 0 55.1567619 55.1567619 55.1567419 55.1567519 55.1567519
175.377326 175.377326 175.37737 175.3774 55.15676 55.1567619 55.1567619 0 4.6346 28.94058 28.94059 28.94059
175.377326 175.377326 175.37737 175.3774 55.15676 55.1567619 55.1567619 4.6346 0 28.94058 28.94059 28.94059
175.377306 175.377306 175.37735 175.37738 55.15674 55.1567419 55.1567419 28.94058 28.94058 0 21.31181 21.31181
175.377316 175.377316 175.37736 175.37739 55.15675 55.1567519 55.1567519 28.94059 28.94059 21.31181 0 7.55534
175.377316 175.377316 175.37736 175.37739 55.15675 55.1567519 55.1567519 28.94059 28.94059 21.31181 7.55534 0
