0 11.00074 17.45577 20.125906 20.125906 42.20325 42.20325 42.20325 56.32338 56.32338 56.323381 56.323381
11.00074 0 17.45577 20.125906 20.125906 42.20325 42.20325 42.20325 56.32338 56.32338 56.323381 56.323381
17.45577 17.45577 0 20.125916 20.125916 42.20326 42.20326 42.20326 56.32339 56.32339 56.323391 56.323391
20.125906 20.125906 20.125916 0 0.311932 42.203256 42.203256 42.203256 56.323386 56.323386 56.323387 56.323387
20.125906 20.125906 20.125916 0.311932 0 42.203256 42.203256 42.203256 56.323386 56.323386 56.323387 56.323387
42.20325 42.20325 42.20326 42.203256 42.203256 0 5.8086 5.8086 56.32333 56.32333 56.323331 56.323331
42.20325 42.20325 42.20326 42.203256 42.203256 5.8086 0 2.00076 56.32333 56.32333 56.323331 56.323331
42.20325 42.20325 42.20326 42.203256 42.203256 5.8086 2.00076 0 56.32333 56.32333 56.323331 56.323331
56.32338 56.32338 56.32339 56.323386 56.323386 56.32333 56.32333 56.32333 0 15.82396 15.823961 15.823961
56.32338 56.32338 56.32339 56.323386 56.323386 56.32333 56.32333 56.32333 15.82396 0 9.961121 9.961121
56.323381 56.323381 56.323391 56.323387 56.323387 56.323331 56.323331 56.323331 15.823961 9.961121 0 1.026142
56.323381 56.323381 56.323391 56.323387 56.323387 56.323331 56.323331 56.323331 15.823961 9.961121 1.026142 0
