0 3.76554 9.521014 9.521014 9.52102 21.4192 79.26124 79.26129 79.2612919 79.2612919 79.261258 79.261258
3.76554 0 9.521014 9.521014 9.52102 21.4192 79.26124 79.26129 79.2612919 79.2612919 79.261258 79.261258
9.521014 9.521014 0 5.12736 7.018874 21.419194 79.261234 79.261284 79.2612859 79.2612859 79.261252 79.261252
9.521014 9.521014 5.12736 0 7.018874 21.419194 79.261234 79.261284 79.2612859 79.2612859 79.261252 79.261252
9.52102 9.52102 7.018874 7.018874 0 21.4192 79.26124 79.26129 79.2612919 79.2612919 79.261258 79.261258
21.4192 21.4192 21.419194 21.419194 21.4192 0 79.26124 79.26129 79.2612919 79.2612919 79.261258 79.261258
79.26124 79.26124 79.261234 79.261234 79.26124 79.26124 0 36.86925 36.8692519 36.8692519 38.993498 38.993498
79.26129 79.26129 79.261284 79.261284 79.26129 79.26129 36.86925 0 11.2639019 11.2639019 38.993548 38.993548
79.2612919 79.2612919 79.2612859 79.2612859 79.2612919 79.2612919 36.8692519 11.2639019 0 0.0974638 38.9935499 38.9935499
79.2612919 79.2612919 79.2612859 79.2612859 79.2612919 79.2612919 36.8692519 11.2639019 0.0974638 0 38.9935499 38.9935499
79.261258 79.261258 79.261252 79.261252 79.261258 79.261258 38.993498 38.993548 38.9935499 38.9935499 0 38.4544
79.261258 79.261258 79.261252 79.261252 79.261258 79.261258 38.993498 38.993548 38.9935499 38.9935499 38.4544 0
