0 4.29694 5.6485366 5.6485366 76.718804 76.718804 76.718824 92.982599 92.982579 92.982587 92.982587 92.982639
4.29694 0 5.6485366 5.6485366 76.718804 76.718804 76.718824 92.982599 92.982579 92.982587 92.982587 92.982639
5.6485366 5.6485366 0 0.1523952 76.7188026 76.7188026 76.7188226 92.9825976 92.9825776 92.9825856 92.9825856 92.9826376
5.6485366 5.6485366 0.1523952 0 76.7188026 76.7188026 76.7188226 92.9825976 92.9825776 92.9825856 92.9825856 92.9826376
76.718804 76.718804 76.7188026 76.7188026 0 7.89916 75.89538 92.982665 92.982645 92.982653 92.982653 92.982705
76.718804 76.718804 76.7188026 76.7188026 7.89916 0 75.89538 92.982665 92.982645 92.982653 92.982653 92.982705
76.718824 76.718824 76.7188226 76.7188226 75.89538 75.89538 0 92.982685 92.982665 92.982673 92.982673 92.982725
92.982599 92.982599 92.9825976 92.9825976 92.982665 92.982665 92.982685 0 75.96058 75.960588 75.960588 75.96064
92.982579 92.982579 92.9825776 92.9825776 92.982645 92.982645 92.982665 75.96058 0 16.027488 16.027488 58.61354
92.982587 92.982587 92.9825856 92.9825856 92.982653 92.982653 92.982673 75.960588 16.027488 0 15.52964 58.613548
92.982587 92.982587 92.9825856 92.9825856 92.982653 92.982653 92.982673 75.960588 16.027488 15.52964 0 58.613548
92.982639 92.982639 92.9826376 92.9826376 92.982705 92.982705 92.982725 75.96064 58.61354 58.613548 58.613548 0
