0 64.1508 89.811 98.314752 98.314752 98.314752 98.31475 98.31475 98.314796 98.314802 98.314801 98.314801
64.1508 0 89.811 98.314752 98.314752 98.314752 98.31475 98.31475 98.314796 98.314802 98.314801 98.314801
89.811 89.811 0 98.314752 98.314752 98.314752 98.31475 98.31475 98.314796 98.314802 98.314801 98.314801
98.314752 98.314752 98.314752 0 18.1725 18.1725 18.720222 18.720222 60.381468 60.381474 60.381473 60.381473
98.314752 98.314752 98.314752 18.1725 0 13.62142 18.720222 18.720222 60.381468 60.381474 60.381473 60.381473
98.314752 98.314752 98.314752 18.1725 13.62142 0 18.720222 18.720222 60.381468 60.381474 60.381473 60.381473
98.31475 98.31475 98.31475 18.720222 18.720222 18.720222 0 14.34196 60.381466 60.381472 60.381471 60.381471
98.31475 98.31475 98.31475 18.720222 18.720222 18.720222 14.34196 0 60.381466 60.381472 60.381471 60.381471
98.314796 98.314796 98.314796 60.381468 60.381468 60.381468 60.381466 60.381466 0 58.679206 58.679205 58.679205
98.314802 98.314802 98.314802 60.381474 60.381474 60.381474 60.381472 60.381472 58.679206 0 1.959611 1.959611
98.314801 98.314801 98.314801 60.381473 60.381473 60.381473 60.381471 60.381471 58.679205 1.959611 0 0.51843
98.314801 98.314801 98.314801 60.381473 60.381473 60.381473 60.381471 60.381471 58.679205 1.959611 0.51843 0
