0 0.628092 3.034436 13.427166 149.848426 149.848422 149.848422 149.848416 149.848416 149.848406 149.848436 149.848436
0.628092 0 3.034436 13.427166 149.848426 149.848422 149.848422 149.848416 149.848416 149.848406 149.848436 149.848436
3.034436 3.034436 0 13.42717 149.84843 149.848426 149.848426 149.84842 149.84842 149.84841 149.84844 149.84844
13.427166 13.427166 13.42717 0 149.84842 149.848416 149.848416 149.84841 149.84841 149.8484 149.84843 149.84843
149.848426 149.848426 149.84843 149.84842 0 5.445116 5.445116 18.65331 18.65331 37.29366 37.29369 37.29369
149.848422 149.848422 149.848426 149.848416 5.445116 0 4.92976 18.653306 18.653306 37.293656 37.293686 37.293686
149.848422 149.848422 149.848426 149.848416 5.445116 4.92976 0 18.653306 18.653306 37.293656 37.293686 37.293686
149.848416 149.848416 149.84842 149.84841 18.65331 18.653306 18.653306 0 12.25922 37.29365 37.29368 37.29368
149.848416 149.848416 149.84842 149.84841 18.65331 18.653306 18.653306 12.25922 0 37.29365 37.29368 37.29368
149.848406 149.848406 149.84841 149.8484 37.29366 37.293656 37.293656 37.29365 37.29365 0 28.54243 28.54243
149.848436 149.848436 149.84844 149.84843 37.29369 37.293686 37.293686 37.29368 37.29368 28.54243 0 5.92106
149.848436 149.848436 149.84844 149.84843 37.29369 37.293686 37.293686 37.29368 37.29368 28.54243 5.92106 0
