0 7.54054 31.19534 31.19534 31.19534 31.19534 58.51997 58.51997 90.87837 108.9137 108.9137 108.91366
7.54054 0 31.19534 31.19534 31.19534 31.19534 58.51997 58.51997 90.87837 108.9137 108.9137 108.91366
31.19534 31.19534 0 8.51256 16.55034 16.55034 58.51997 58.51997 90.87837 108.9137 108.9137 108.91366
31.19534 31.19534 8.51256 0 16.55034 16.55034 58.51997 58.51997 90.87837 108.9137 108.9137 108.91366
31.19534 31.19534 16.55034 16.55034 0 4.92652 58.51997 58.51997 90.87837 108.9137 108.9137 108.91366
31.19534 31.19534 16.55034 16.55034 4.92652 0 58.51997 58.51997 90.87837 108.9137 108.9137 108.91366
58.51997 58.51997 58.51997 58.51997 58.51997 58.51997 0 23.7162 90.8784 108.91373 108.91373 108.91369
58.51997 58.51997 58.51997 58.51997 58.51997 58.51997 23.7162 0 90.8784 108.91373 108.91373 108.91369
90.87837 90.87837 90.87837 90.87837 90.87837 90.87837 90.8784 90.8784 0 108.91373 108.91373 108.91369
108.9137 108.9137 108.9137 108.9137 108.9137 108.9137 108.91373 108.91373 108.91373 0 4.37352 20.39624
108.9137 108.9137 108.9137 108.9137 108.9137 108.9137 108.91373 108.91373 108.91373 4.37352 0 20.39624
108.91366 108.91366 108.91366 108.91366 108.91366 108.91366 108.91369 108.91369 108.91369 20.39624 20.39624 0
