0 57.218 139.0233368 139.0233368 139.0234 139.0233 139.02334 139.02333 139.02333 139.02333 139.02333 139.02333
57.218 0 139.0233368 139.0233368 139.0234 139.0233 139.02334 139.02333 139.02333 139.02333 139.02333 139.02333
139.0233368 139.0233368 0 0.0586736 41.3279368 74.5150368 74.5150768 74.5150668 74.5150668 74.5150668 74.5150668 74.5150668
139.0233368 139.0233368 0.0586736 0 41.3279368 74.5150368 74.5150768 74.5150668 74.5150668 74.5150668 74.5150668 74.5150668
139.0234 139.0234 41.3279368 41.3279368 0 74.5151 74.51514 74.51513 74.51513 74.51513 74.51513 74.51513
139.0233 139.0233 74.5150368 74.5150368 74.5151 0 33.96244 33.96243 33.96243 33.96243 33.96243 33.96243
139.02334 139.02334 74.5150768 74.5150768 74.51514 33.96244 0 8.65379 8.65379 27.24857 27.24857 27.24857
139.02333 139.02333 74.5150668 74.5150668 74.51513 33.96243 8.65379 0 3.46066 27.24856 27.24856 27.24856
139.02333 139.02333 74.5150668 74.5150668 74.51513 33.96243 8.65379 3.46066 0 27.24856 27.24856 27.24856
139.02333 139.02333 74.5150668 74.5150668 74.51513 33.96243 27.24857 27.24856 27.24856 0 4.11696 8.03808
139.02333 139.02333 74.5150668 74.5150668 74.51513 33.96243 27.24857 27.24856 27.24856 4.11696 0 8.03808
139.02333 139.02333 74.5150668 74.5150668 74.51513 33.96243 27.24857 27.24856 27.24856 8.03808 8.03808 0
