0 13.87454 42.219545 42.219545 45.235103 45.235183 45.235183 64.387062 64.387062 64.38706 64.38706 64.38706
13.87454 0 42.219545 42.219545 45.235103 45.235183 45.235183 64.387062 64.387062 64.38706 64.38706 64.38706
42.219545 42.219545 0 0.55715 45.235108 45.235188 45.235188 64.387067 64.387067 64.387065 64.387065 64.387065
42.219545 42.219545 0.55715 0 45.235108 45.235188 45.235188 64.387067 64.387067 64.387065 64.387065 64.387065
45.235103 45.235103 45.235108 45.235108 0 44.51368 44.51368 64.387005 64.387005 64.387003 64.387003 64.387003
45.235183 45.235183 45.235188 45.235188 44.51368 0 39.2392 64.387085 64.387085 64.387083 64.387083 64.387083
45.235183 45.235183 45.235188 45.235188 44.51368 39.2392 0 64.387085 64.387085 64.387083 64.387083 64.387083
64.387062 64.387062 64.387067 64.387067 64.387005 64.387085 64.387085 0 2.91272 3.666662 17.213862 17.213862
64.387062 64.387062 64.387067 64.387067 64.387005 64.387085 64.387085 2.91272 0 3.666662 17.213862 17.213862
64.38706 64.38706 64.387065 64.387065 64.387003 64.387083 64.387083 3.666662 3.666662 0 17.21386 17.21386
64.38706 64.38706 64.387065 64.387065 64.387003 64.387083 64.387083 17.213862 17.213862 17.21386 0 4.63022
64.38706 64.38706 64.387065 64.387065 64.387003 64.387083 64.387083 17.213862 17.213862 17.21386 4.63022 0
