0 26.3556 54.69239 54.69238 54.69238 123.45843 123.45843 123.458431 123.458431 123.45842 123.45843 123.45843
26.3556 0 54.69239 54.69238 54.69238 123.45843 123.45843 123.458431 123.458431 123.45842 123.45843 123.45843
54.69239 54.69239 0 50.92919 50.92919 123.45842 123.45842 123.458421 123.458421 123.45841 123.45842 123.45842
54.69238 54.69238 50.92919 0 47.489 123.45841 123.45841 123.458411 123.458411 123.4584 123.45841 123.45841
54.69238 54.69238 50.92919 47.489 0 123.45841 123.45841 123.458411 123.458411 123.4584 123.45841 123.45841
123.45843 123.45843 123.45842 123.45841 123.45841 0 9.98276 33.114961 33.114961 38.98861 111.08102 111.08102
123.45843 123.45843 123.45842 123.45841 123.45841 9.98276 0 33.114961 33.114961 38.98861 111.08102 111.08102
123.458431 123.458431 123.458421 123.458411 123.458411 33.114961 33.114961 0 1.222362 38.988611 111.081021 111.081021
123.458431 123.458431 123.458421 123.458411 123.458411 33.114961 33.114961 1.222362 0 38.988611 111.081021 111.081021
123.45842 123.45842 123.45841 123.4584 123.4584 38.98861 38.98861 38.988611 38.988611 0 111.08101 111.08101
123.45843 123.45843 123.45842 123.45841 123.45841 111.08102 111.08102 111.081021 111.081021 111.08101 0 4.16442
123.45843 123.45843 123.45842 123.45841 123.45841 111.08102 111.08102 111.081021 111.081021 111.08101 4.16442 0
