0 12.48968 12.48968 79.78996 79.78996 79.78996 117.58076 117.58076 117.58076 117.58075 117.58071 117.58071
12.48968 0 7.25068 79.78996 79.78996 79.78996 117.58076 117.58076 117.58076 117.58075 117.58071 117.58071
12.48968 7.25068 0 79.78996 79.78996 79.78996 117.58076 117.58076 117.58076 117.58075 117.58071 117.58071
79.78996 79.78996 79.78996 0 13.36104 13.36104 117.58084 117.58084 117.58084 117.58083 117.58079 117.58079
79.78996 79.78996 79.78996 13.36104 0 2.53686 117.58084 117.58084 117.58084 117.58083 117.58079 117.58079
79.78996 79.78996 79.78996 13.36104 2.53686 0 117.58084 117.58084 117.58084 117.58083 117.58079 117.58079
117.58076 117.58076 117.58076 117.58084 117.58084 117.58084 0 13.1941 13.1941 15.52503 39.70419 39.70419
117.58076 117.58076 117.58076 117.58084 117.58084 117.58084 13.1941 0 2.78412 15.52503 39.70419 39.70419
117.58076 117.58076 117.58076 117.58084 117.58084 117.58084 13.1941 2.78412 0 15.52503 39.70419 39.70419
117.58075 117.58075 117.58075 117.58083 117.58083 117.58083 15.52503 15.52503 15.52503 0 39.70418 39.70418
117.58071 117.58071 117.58071 117.58079 117.58079 117.58079 39.70419 39.70419 39.70419 39.70418 0 18.13634
117.58071 117.58071 117.58071 117.58079 117.58079 117.58079 39.70419 39.70419 39.70419 39.70418 18.13634 0
