0 0.68794 3.85012 11.8934 29.16792 29.16792 100.124881 100.124881 100.124871 100.124921 100.124821 100.124821
0.68794 0 3.85012 11.8934 29.16792 29.16792 100.124881 100.124881 100.124871 100.124921 100.124821 100.124821
3.85012 3.85012 0 11.8934 29.16792 29.16792 100.124881 100.124881 100.124871 100.124921 100.124821 100.124821
11.8934 11.8934 11.8934 0 29.16792 29.16792 100.124881 100.124881 100.124871 100.124921 100.124821 100.124821
29.16792 29.16792 29.16792 29.16792 0 2.97614 100.124901 100.124901 100.124891 100.124941 100.124841 100.124841
29.16792 29.16792 29.16792 29.16792 2.97614 0 100.124901 100.124901 100.124891 100.124941 100.124841 100.124841
100.124881 100.124881 100.124881 100.124881 100.124901 100.124901 0 2.54802 11.33071 54.37976 98.16186 98.16186
100.124881 100.124881 100.124881 100.124881 100.124901 100.124901 2.54802 0 11.33071 54.37976 98.16186 98.16186
100.124871 100.124871 100.124871 100.124871 100.124891 100.124891 11.33071 11.33071 0 54.37975 98.16185 98.16185
100.124921 100.124921 100.124921 100.124921 100.124941 100.124941 54.37976 54.37976 54.37975 0 98.1619 98.1619
100.124821 100.124821 100.124821 100.124821 100.124841 100.124841 98.16186 98.16186 98.16185 98.1619 0 58.6524
100.124821 100.124821 100.124821 100.124821 100.124841 100.124841 98.16186 98.16186 98.16185 98.1619 58.6524 0
