0 26.95939 26.959393 26.959393 38.89547 38.89547 112.57285 112.57285 112.57285 122.87969 122.87969 122.87971
26.95939 0 4.350383 4.350383 38.89546 38.89546 112.57284 112.57284 112.57284 122.87968 122.87968 122.8797
26.959393 4.350383 0 1.364226 38.895463 38.895463 112.572843 112.572843 112.572843 122.879683 122.879683 122.879703
26.959393 4.350383 1.364226 0 38.895463 38.895463 112.572843 112.572843 112.572843 122.879683 122.879683 122.879703
38.89547 38.89546 38.895463 38.895463 0 24.5302 112.5729 112.5729 112.5729 122.87974 122.87974 122.87976
38.89547 38.89546 38.895463 38.895463 24.5302 0 112.5729 112.5729 112.5729 122.87974 122.87974 122.87976
112.57285 112.57284 112.572843 112.572843 112.5729 112.5729 0 71.575 102.5234 122.87972 122.87972 122.87974
112.57285 112.57284 112.572843 112.572843 112.5729 112.5729 71.575 0 102.5234 122.87972 122.87972 122.87974
112.57285 112.57284 112.572843 112.572843 112.5729 112.5729 102.5234 102.5234 0 122.87972 122.87972 122.87974
122.87969 122.87968 122.879683 122.879683 122.87974 122.87974 122.87972 122.87972 122.87972 0 3.44496 24.67898
122.87969 122.87968 122.879683 122.879683 122.87974 122.87974 122.87972 122.87972 122.87972 3.44496 0 24.67898
122.87971 122.8797 122.879703 122.879703 122.87976 122.87976 122.87974 122.87974 122.87974 24.67898 24.67898 0
