0 105.3906 105.39059 105.39061 105.390607 105.390607 124.47628 124.4763 124.4763 124.476296 124.476296 124.47629
105.3906 0 36.11339 36.11341 36.113407 36.113407 124.47628 124.4763 124.4763 124.476296 124.476296 124.47629
105.39059 36.11339 0 25.82382 25.823817 25.823817 124.47627 124.47629 124.47629 124.476286 124.476286 124.47628
105.39061 36.11341 25.82382 0 2.113237 2.113237 124.47629 124.47631 124.47631 124.476306 124.476306 124.4763
105.390607 36.113407 25.823817 2.113237 0 1.761198 124.476287 124.476307 124.476307 124.476303 124.476303 124.476297
105.390607 36.113407 25.823817 2.113237 1.761198 0 124.476287 124.476307 124.476307 124.476303 124.476303 124.476297
124.47628 124.47628 124.47627 124.47629 124.476287 124.476287 0 34.08182 34.08182 34.081816 34.081816 34.08181
124.4763 124.4763 124.47629 124.47631 124.476307 124.476307 34.08182 0 4.5866 25.752396 25.752396 25.75239
124.4763 124.4763 124.47629 124.47631 124.476307 124.476307 34.08182 4.5866 0 25.752396 25.752396 25.75239
124.476296 124.476296 124.476286 124.476306 124.476303 124.476303 34.081816 25.752396 25.752396 0 6.96884 7.728946
124.476296 124.476296 124.476286 124.476306 124.476303 124.476303 34.081816 25.752396 25.752396 6.96884 0 7.728946
124.47629 124.47629 124.47628 124.4763 124.476297 124.476297 34.08181 25.75239 25.75239 7.728946 7.728946 0
