0 140.592232 140.592232 140.59227 140.59227 140.59227 140.5922 140.59215 140.59215 140.59215 140.5922 140.5922
140.592232 0 0.850864 24.473502 24.473502 24.473502 45.721832 63.392682 63.392682 63.392682 71.332432 71.332432
140.592232 0.850864 0 24.473502 24.473502 24.473502 45.721832 63.392682 63.392682 63.392682 71.332432 71.332432
140.59227 24.473502 24.473502 0 2.6371 19.99572 45.72187 63.39272 63.39272 63.39272 71.33247 71.33247
140.59227 24.473502 24.473502 2.6371 0 19.99572 45.72187 63.39272 63.39272 63.39272 71.33247 71.33247
140.59227 24.473502 24.473502 19.99572 19.99572 0 45.72187 63.39272 63.39272 63.39272 71.33247 71.33247
140.5922 45.721832 45.721832 45.72187 45.72187 45.72187 0 63.39265 63.39265 63.39265 71.3324 71.3324
140.59215 63.392682 63.392682 63.39272 63.39272 63.39272 63.39265 0 41.6124 41.6124 71.33235 71.33235
140.59215 63.392682 63.392682 63.39272 63.39272 63.39272 63.39265 41.6124 0 19.4378 71.33235 71.33235
140.59215 63.392682 63.392682 63.39272 63.39272 63.39272 63.39265 41.6124 19.4378 0 71.33235 71.33235
140.5922 71.332432 71.332432 71.33247 71.33247 71.33247 71.3324 71.33235 71.33235 71.33235 0 26.4018
140.5922 71.332432 71.332432 71.33247 71.33247 71.33247 71.3324 71.33235 71.33235 71.33235 26.4018 0
