0 33.05536 33.05536 33.05536 74.665011 74.665011 109.8583 109.8583 109.85831 109.85826 109.85836 109.85836
33.05536 0 11.02592 11.02592 74.664971 74.664971 109.85826 109.85826 109.85827 109.85822 109.85832 109.85832
33.05536 11.02592 0 4.06798 74.664971 74.664971 109.85826 109.85826 109.85827 109.85822 109.85832 109.85832
33.05536 11.02592 4.06798 0 74.664971 74.664971 109.85826 109.85826 109.85827 109.85822 109.85832 109.85832
74.665011 74.664971 74.664971 74.664971 0 1.161222 109.858311 109.858311 109.858321 109.858271 109.858371 109.858371
74.665011 74.664971 74.664971 74.664971 1.161222 0 109.858311 109.858311 109.858321 109.858271 109.858371 109.858371
109.8583 109.85826 109.85826 109.85826 109.858311 109.858311 0 10.50696 19.40883 23.07604 55.69334 92.36294
109.8583 109.85826 109.85826 109.85826 109.858311 109.858311 10.50696 0 19.40883 23.07604 55.69334 92.36294
109.85831 109.85827 109.85827 109.85827 109.858321 109.858321 19.40883 19.40883 0 23.07605 55.69335 92.36295
109.85826 109.85822 109.85822 109.85822 109.858271 109.858271 23.07604 23.07604 23.07605 0 55.6933 92.3629
109.85836 109.85832 109.85832 109.85832 109.858371 109.858371 55.69334 55.69334 55.69335 55.6933 0 92.363
109.85836 109.85832 109.85832 109.85832 109.858371 109.858371 92.36294 92.36294 92.36295 92.3629 92.363 0
