0 250.42811 250.42811 250.428158 250.428158 250.428158 250.428158 250.428158 250.428198 250.428098 250.428118 250.428118
250.42811 0 4.41402 62.094468 62.094468 62.094468 62.094468 62.094468 62.094508 62.094408 62.094428 62.094428
250.42811 4.41402 0 62.094468 62.094468 62.094468 62.094468 62.094468 62.094508 62.094408 62.094428 62.094428
250.428158 62.094468 62.094468 0 10.49428 26.90118 26.90118 26.90118 30.86456 61.13546 61.13548 61.13548
250.428158 62.094468 62.094468 10.49428 0 26.90118 26.90118 26.90118 30.86456 61.13546 61.13548 61.13548
250.428158 62.094468 62.094468 26.90118 26.90118 0 0.43356 15.57336 30.86456 61.13546 61.13548 61.13548
250.428158 62.094468 62.094468 26.90118 26.90118 0.43356 0 15.57336 30.86456 61.13546 61.13548 61.13548
250.428158 62.094468 62.094468 26.90118 26.90118 15.57336 15.57336 0 30.86456 61.13546 61.13548 61.13548
250.428198 62.094508 62.094508 30.86456 30.86456 30.86456 30.86456 30.86456 0 61.1355 61.13552 61.13552
250.428098 62.094408 62.094408 61.13546 61.13546 61.13546 61.13546 61.13546 61.1355 0 30.32242 30.32242
250.428118 62.094428 62.094428 61.13548 61.13548 61.13548 61.13548 61.13548 61.13552 30.32242 0 3.63904
250.428118 62.094428 62.094428 61.13548 61.13548 61.13548 61.13548 61.13548 61.13552 30.32242 3.63904 0
