0 191.49762 191.49762 191.49758 191.497577 191.497577 191.49757 191.49757 191.49764 191.49764 191.497632 191.497632
191.49762 0 21.3728 86.62596 86.625957 86.625957 86.62595 86.62595 188.62602 188.62602 188.626012 188.626012
191.49762 21.3728 0 86.62596 86.625957 86.625957 86.62595 86.62595 188.62602 188.62602 188.626012 188.626012
191.49758 86.62596 86.62596 0 17.936537 17.936537 26.50431 26.50431 188.62598 188.62598 188.625972 188.625972
191.497577 86.625957 86.625957 17.936537 0 1.687394 26.504307 26.504307 188.625977 188.625977 188.625969 188.625969
191.497577 86.625957 86.625957 17.936537 1.687394 0 26.504307 26.504307 188.625977 188.625977 188.625969 188.625969
191.49757 86.62595 86.62595 26.50431 26.504307 26.504307 0 19.45642 188.62597 188.62597 188.625962 188.625962
191.49757 86.62595 86.62595 26.50431 26.504307 26.504307 19.45642 0 188.62597 188.62597 188.625962 188.625962
191.49764 188.62602 188.62602 188.62598 188.625977 188.625977 188.62597 188.62597 0 19.30656 27.728232 27.728232
191.49764 188.62602 188.62602 188.62598 188.625977 188.625977 188.62597 188.62597 19.30656 0 27.728232 27.728232
191.497632 188.626012 188.626012 188.625972 188.625969 188.625969 188.625962 188.625962 27.728232 27.728232 0 1.415024
191.497632 188.626012 188.626012 188.625972 188.625969 188.625969 188.625962 188.625962 27.728232 27.728232 1.415024 0
