0 36.46193 36.46198 36.46198 36.46196 139.69143 139.69137 139.69137 139.69144 139.69142 139.69142 139.69142
36.46193 0 22.06645 22.06645 25.25597 139.69136 139.6913 139.6913 139.69137 139.69135 139.69135 139.69135
36.46198 22.06645 0 2.1972 25.25602 139.69141 139.69135 139.69135 139.69142 139.6914 139.6914 139.6914
36.46198 22.06645 2.1972 0 25.25602 139.69141 139.69135 139.69135 139.69142 139.6914 139.6914 139.6914
36.46196 25.25597 25.25602 25.25602 0 139.69139 139.69133 139.69133 139.6914 139.69138 139.69138 139.69138
139.69143 139.69136 139.69141 139.69141 139.69139 0 123.16174 123.16174 123.16181 123.16179 123.16179 123.16179
139.69137 139.6913 139.69135 139.69135 139.69133 123.16174 0 20.4824 27.84935 27.84933 27.84933 27.84933
139.69137 139.6913 139.69135 139.69135 139.69133 123.16174 20.4824 0 27.84935 27.84933 27.84933 27.84933
139.69144 139.69137 139.69142 139.69142 139.6914 123.16181 27.84935 27.84935 0 20.06058 20.06058 20.06058
139.69142 139.69135 139.6914 139.6914 139.69138 123.16179 27.84933 27.84933 20.06058 0 12.26168 15.60318
139.69142 139.69135 139.6914 139.6914 139.69138 123.16179 27.84933 27.84933 20.06058 12.26168 0 15.60318
139.69142 139.69135 139.6914 139.6914 139.69138 123.16179 27.84933 27.84933 20.06058 15.60318 15.60318 0
