0 21.37302 21.37302 81.0732 101.21362 101.21362 101.21359 101.21359 101.2135555 101.2135555 183.4854 183.4854
21.37302 0 7.00572 81.07322 101.21364 101.21364 101.21361 101.21361 101.2135755 101.2135755 183.48542 183.48542
21.37302 7.00572 0 81.07322 101.21364 101.21364 101.21361 101.21361 101.2135755 101.2135755 183.48542 183.48542
81.0732 81.07322 81.07322 0 101.21362 101.21362 101.21359 101.21359 101.2135555 101.2135555 183.4854 183.4854
101.21362 101.21364 101.21364 101.21362 0 92.3356 92.33557 92.33557 92.3355355 92.3355355 183.48542 183.48542
101.21362 101.21364 101.21364 101.21362 92.3356 0 47.13717 47.13717 47.1371355 47.1371355 183.48542 183.48542
101.21359 101.21361 101.21361 101.21359 92.33557 47.13717 0 19.29402 28.9208455 28.9208455 183.48539 183.48539
101.21359 101.21361 101.21361 101.21359 92.33557 47.13717 19.29402 0 28.9208455 28.9208455 183.48539 183.48539
101.2135555 101.2135755 101.2135755 101.2135555 92.3355355 47.1371355 28.9208455 28.9208455 0 0.020411 183.4853555 183.4853555
101.2135555 101.2135755 101.2135755 101.2135555 92.3355355 47.1371355 28.9208455 28.9208455 0.020411 0 183.4853555 183.4853555
183.4854 183.48542 183.48542 183.4854 183.48542 183.48542 183.48539 183.48539 183.4853555 183.4853555 0 24.5596
183.4854 183.48542 183.48542 183.4854 183.48542 183.48542 183.48539 183.48539 183.4853555 183.4853555 24.5596 0
