0 0.334226 1.406673 61.584437 65.057127 65.057127 65.057137 65.057137 65.057177 65.057177 65.057177 65.057177
0.334226 0 1.406673 61.584437 65.057127 65.057127 65.057137 65.057137 65.057177 65.057177 65.057177 65.057177
1.406673 1.406673 0 61.584436 65.057126 65.057126 65.057136 65.057136 65.057176 65.057176 65.057176 65.057176
61.584437 61.584437 61.584436 0 65.05709 65.05709 65.0571 65.0571 65.05714 65.05714 65.05714 65.05714
65.057127 65.057127 65.057126 65.05709 0 29.8004 53.99741 53.99741 53.99745 53.99745 53.99745 53.99745
65.057127 65.057127 65.057126 65.05709 29.8004 0 53.99741 53.99741 53.99745 53.99745 53.99745 53.99745
65.057137 65.057137 65.057136 65.0571 53.99741 53.99741 0 10.24214 26.36576 44.04412 44.04412 44.04412
65.057137 65.057137 65.057136 65.0571 53.99741 53.99741 10.24214 0 26.36576 44.04412 44.04412 44.04412
65.057177 65.057177 65.057176 65.05714 53.99745 53.99745 26.36576 26.36576 0 44.04416 44.04416 44.04416
65.057177 65.057177 65.057176 65.05714 53.99745 53.99745 44.04412 44.04412 44.04416 0 10.7541 14.18116
65.057177 65.057177 65.057176 65.05714 53.99745 53.99745 44.04412 44.04412 44.04416 10.7541 0 14.18116
65.057177 65.057177 65.057176 65.05714 53.99745 53.99745 44.04412 44.04412 44.04416 14.18116 14.18116 0
