0 57.43381 57.43381 57.6271246 57.6271246 57.6270446 65.2702429 65.2702429 65.2702446 157.7163246 206.6405246 206.6405246
57.43381 0 11.22102 57.6271346 57.6271346 57.6270546 65.2702529 65.2702529 65.2702546 157.7163346 206.6405346 206.6405346
57.43381 11.22102 0 57.6271346 57.6271346 57.6270546 65.2702529 65.2702529 65.2702546 157.7163346 206.6405346 206.6405346
57.6271246 57.6271346 57.6271346 0 0.21776 32.17188 65.2702783 65.2702783 65.27028 157.71636 206.64056 206.64056
57.6271246 57.6271346 57.6271346 0.21776 0 32.17188 65.2702783 65.2702783 65.27028 157.71636 206.64056 206.64056
57.6270446 57.6270546 57.6270546 32.17188 32.17188 0 65.2701983 65.2701983 65.2702 157.71628 206.64048 206.64048
65.2702429 65.2702529 65.2702529 65.2702783 65.2702783 65.2701983 0 0.1691366 17.2484383 157.7163183 206.6405183 206.6405183
65.2702429 65.2702529 65.2702529 65.2702783 65.2702783 65.2701983 0.1691366 0 17.2484383 157.7163183 206.6405183 206.6405183
65.2702446 65.2702546 65.2702546 65.27028 65.27028 65.2702 17.2484383 17.2484383 0 157.71632 206.64052 206.64052
157.7163246 157.7163346 157.7163346 157.71636 157.71636 157.71628 157.7163183 157.7163183 157.71632 0 206.6406 206.6406
206.6405246 206.6405346 206.6405346 206.64056 206.64056 206.64048 206.6405183 206.6405183 206.64052 206.6406 0 80.415
206.6405246 206.6405346 206.6405346 206.64056 206.64056 206.64048 206.6405183 206.6405183 206.64052 206.6406 80.415 0
