0 4.17814 43.78967 118.88908 118.88908 118.88912 118.88909 118.88909 118.88911 118.88908 118.88908 118.88912
4.17814 0 43.78967 118.88908 118.88908 118.88912 118.88909 118.88909 118.88911 118.88908 118.88908 118.88912
43.78967 43.78967 0 118.88901 118.88901 118.88905 118.88902 118.88902 118.88904 118.88901 118.88901 118.88905
118.88908 118.88908 118.88901 0 6.4072 25.53956 48.59413 48.59413 48.59415 106.48632 106.48632 106.48636
118.88908 118.88908 118.88901 6.4072 0 25.53956 48.59413 48.59413 48.59415 106.48632 106.48632 106.48636
118.88912 118.88912 118.88905 25.53956 25.53956 0 48.59417 48.59417 48.59419 106.48636 106.48636 106.4864
118.88909 118.88909 118.88902 48.59413 48.59413 48.59417 0 31.5386 48.09338 106.48633 106.48633 106.48637
118.88909 118.88909 118.88902 48.59413 48.59413 48.59417 31.5386 0 48.09338 106.48633 106.48633 106.48637
118.88911 118.88911 118.88904 48.59415 48.59415 48.59419 48.09338 48.09338 0 106.48635 106.48635 106.48639
118.88908 118.88908 118.88901 106.48632 106.48632 106.48636 106.48633 106.48633 106.48635 0 1.07472 37.97416
118.88908 118.88908 118.88901 106.48632 106.48632 106.48636 106.48633 106.48633 106.48635 1.07472 0 37.97416
118.88912 118.88912 118.88905 106.48636 106.48636 106.4864 106.48637 106.48637 106.48639 37.97416 37.97416 0
