0 33.13748 33.13748 37.11417 37.11417 37.11416 37.1142 37.1142 91.84276 165.92056 165.92056 165.92056
33.13748 0 4.25616 37.11425 37.11425 37.11424 37.11428 37.11428 91.84284 165.92064 165.92064 165.92064
33.13748 4.25616 0 37.11425 37.11425 37.11424 37.11428 37.11428 91.84284 165.92064 165.92064 165.92064
37.11417 37.11425 37.11425 0 2.20842 31.37961 34.14107 34.14107 91.84281 165.92061 165.92061 165.92061
37.11417 37.11425 37.11425 2.20842 0 31.37961 34.14107 34.14107 91.84281 165.92061 165.92061 165.92061
37.11416 37.11424 37.11424 31.37961 31.37961 0 34.14106 34.14106 91.8428 165.9206 165.9206 165.9206
37.1142 37.11428 37.11428 34.14107 34.14107 34.14106 0 25.2778 91.84284 165.92064 165.92064 165.92064
37.1142 37.11428 37.11428 34.14107 34.14107 34.14106 25.2778 0 91.84284 165.92064 165.92064 165.92064
91.84276 91.84284 91.84284 91.84281 91.84281 91.8428 91.84284 91.84284 0 165.9206 165.9206 165.9206
165.92056 165.92064 165.92064 165.92061 165.92061 165.9206 165.92064 165.92064 165.9206 0 42.3776 42.3776
165.92056 165.92064 165.92064 165.92061 165.92061 165.9206 165.92064 165.92064 165.9206 42.3776 0 32.114
165.92056 165.92064 165.92064 165.92061 165.92061 165.9206 165.92064 165.92064 165.9206 42.3776 32.114 0
