0 7.52618 24.922 24.922 39.5028 39.5028 39.502839 39.502839 39.50284 80.78552 117.93142 117.93142
7.52618 0 24.922 24.922 39.5028 39.5028 39.502839 39.502839 39.50284 80.78552 117.93142 117.93142
24.922 24.922 0 0.61462 39.50282 39.50282 39.502859 39.502859 39.50286 80.78554 117.93144 117.93144
24.922 24.922 0.61462 0 39.50282 39.50282 39.502859 39.502859 39.50286 80.78554 117.93144 117.93144
39.5028 39.5028 39.50282 39.50282 0 9.25268 34.087519 34.087519 34.08752 80.78548 117.93138 117.93138
39.5028 39.5028 39.50282 39.50282 9.25268 0 34.087519 34.087519 34.08752 80.78548 117.93138 117.93138
39.502839 39.502839 39.502859 39.502859 34.087519 34.087519 0 0.879298 17.252099 80.785519 117.931419 117.931419
39.502839 39.502839 39.502859 39.502859 34.087519 34.087519 0.879298 0 17.252099 80.785519 117.931419 117.931419
39.50284 39.50284 39.50286 39.50286 34.08752 34.08752 17.252099 17.252099 0 80.78552 117.93142 117.93142
80.78552 80.78552 80.78554 80.78554 80.78548 80.78548 80.785519 80.785519 80.78552 0 117.9315 117.9315
117.93142 117.93142 117.93144 117.93144 117.93138 117.93138 117.931419 117.931419 117.93142 117.9315 0 28.6898
117.93142 117.93142 117.93144 117.93144 117.93138 117.93138 117.931419 117.931419 117.93142 117.9315 28.6898 0
