0 2.737 9.63298 14.7264 39.9818 91.33501 91.33501 91.335 91.335 91.335 91.33499 91.33499
2.737 0 9.63298 14.7264 39.9818 91.33501 91.33501 91.335 91.335 91.335 91.33499 91.33499
9.63298 9.63298 0 14.7264 39.9818 91.33501 91.33501 91.335 91.335 91.335 91.33499 91.33499
14.7264 14.7264 14.7264 0 39.9818 91.33501 91.33501 91.335 91.335 91.335 91.33499 91.33499
39.9818 39.9818 39.9818 39.9818 0 91.33501 91.33501 91.335 91.335 91.335 91.33499 91.33499
91.33501 91.33501 91.33501 91.33501 91.33501 0 8.66308 8.66307 8.66307 22.85561 54.172 54.172
91.33501 91.33501 91.33501 91.33501 91.33501 8.66308 0 8.38587 8.38587 22.85561 54.172 54.172
91.335 91.335 91.335 91.335 91.335 8.66307 8.38587 0 2.4566 22.8556 54.17199 54.17199
91.335 91.335 91.335 91.335 91.335 8.66307 8.38587 2.4566 0 22.8556 54.17199 54.17199
91.335 91.335 91.335 91.335 91.335 22.85561 22.85561 22.8556 22.8556 0 54.17199 54.17199
91.33499 91.33499 91.33499 91.33499 91.33499 54.172 54.172 54.17199 54.17199 54.17199 0 36.8404
91.33499 91.33499 91.33499 91.33499 91.33499 54.172 54.172 54.17199 54.17199 54.17199 36.8404 0
