0 1.928652 40.182626 63.980806 63.980876 63.980866 63.980866 63.980866 63.980876 63.980876 63.980866 63.980906
1.928652 0 40.182626 63.980806 63.980876 63.980866 63.980866 63.980866 63.980876 63.980876 63.980866 63.980906
40.182626 40.182626 0 63.98078 63.98085 63.98084 63.98084 63.98084 63.98085 63.98085 63.98084 63.98088
63.980806 63.980806 63.98078 0 57.79947 57.79946 57.79946 57.79946 57.79947 57.79947 57.79946 57.7995
63.980876 63.980876 63.98085 57.79947 0 30.88279 30.88279 30.88279 30.8828 30.8828 30.88279 33.01297
63.980866 63.980866 63.98084 57.79946 30.88279 0 3.75572 7.48566 26.04661 26.04661 26.0466 33.01296
63.980866 63.980866 63.98084 57.79946 30.88279 3.75572 0 7.48566 26.04661 26.04661 26.0466 33.01296
63.980866 63.980866 63.98084 57.79946 30.88279 7.48566 7.48566 0 26.04661 26.04661 26.0466 33.01296
63.980876 63.980876 63.98085 57.79947 30.8828 26.04661 26.04661 26.04661 0 3.31276 14.89731 33.01297
63.980876 63.980876 63.98085 57.79947 30.8828 26.04661 26.04661 26.04661 3.31276 0 14.89731 33.01297
63.980866 63.980866 63.98084 57.79946 30.88279 26.0466 26.0466 26.0466 14.89731 14.89731 0 33.01296
63.980906 63.980906 63.98088 57.7995 33.01297 33.01296 33.01296 33.01296 33.01297 33.01297 33.01296 0
