0 11.68368 11.68368 53.61448 53.61448 53.61448 53.61449 83.78697 83.78697 83.78694 83.78698 83.78698
11.68368 0 9.90392 53.61448 53.61448 53.61448 53.61449 83.78697 83.78697 83.78694 83.78698 83.78698
11.68368 9.90392 0 53.61448 53.61448 53.61448 53.61449 83.78697 83.78697 83.78694 83.78698 83.78698
53.61448 53.61448 53.61448 0 11.86156 11.86156 15.94929 83.78697 83.78697 83.78694 83.78698 83.78698
53.61448 53.61448 53.61448 11.86156 0 5.93474 15.94929 83.78697 83.78697 83.78694 83.78698 83.78698
53.61448 53.61448 53.61448 11.86156 5.93474 0 15.94929 83.78697 83.78697 83.78694 83.78698 83.78698
53.61449 53.61449 53.61449 15.94929 15.94929 15.94929 0 83.78698 83.78698 83.78695 83.78699 83.78699
83.78697 83.78697 83.78697 83.78697 83.78697 83.78697 83.78698 0 16.87186 41.17143 61.95427 61.95427
83.78697 83.78697 83.78697 83.78697 83.78697 83.78697 83.78698 16.87186 0 41.17143 61.95427 61.95427
83.78694 83.78694 83.78694 83.78694 83.78694 83.78694 83.78695 41.17143 41.17143 0 61.95424 61.95424
83.78698 83.78698 83.78698 83.78698 83.78698 83.78698 83.78699 61.95427 61.95427 61.95424 0 46.899
83.78698 83.78698 83.78698 83.78698 83.78698 83.78698 83.78699 61.95427 61.95427 61.95424 46.899 0
