0 35.16484 35.16484 35.16484 36.780408 36.780408 121.923418 121.923398 121.923468 121.923468 121.923438 121.923398
35.16484 0 24.0068 24.0068 36.780448 36.780448 121.923458 121.923438 121.923508 121.923508 121.923478 121.923438
35.16484 24.0068 0 17.4958 36.780448 36.780448 121.923458 121.923438 121.923508 121.923508 121.923478 121.923438
35.16484 24.0068 17.4958 0 36.780448 36.780448 121.923458 121.923438 121.923508 121.923508 121.923478 121.923438
36.780408 36.780448 36.780448 36.780448 0 13.87862 121.92343 121.92341 121.92348 121.92348 121.92345 121.92341
36.780408 36.780448 36.780448 36.780448 13.87862 0 121.92343 121.92341 121.92348 121.92348 121.92345 121.92341
121.923418 121.923458 121.923458 121.923458 121.92343 121.92343 0 63.36058 63.36065 63.36065 67.21698 72.58362
121.923398 121.923438 121.923438 121.923438 121.92341 121.92341 63.36058 0 49.39127 49.39127 67.21696 72.5836
121.923468 121.923508 121.923508 121.923508 121.92348 121.92348 63.36065 49.39127 0 38.2122 67.21703 72.58367
121.923468 121.923508 121.923508 121.923508 121.92348 121.92348 63.36065 49.39127 38.2122 0 67.21703 72.58367
121.923438 121.923478 121.923478 121.923478 121.92345 121.92345 67.21698 67.21696 67.21703 67.21703 0 72.58364
121.923398 121.923438 121.923438 121.923438 121.92341 121.92341 72.58362 72.5836 72.58367 72.58367 72.58364 0
