0 43.1204 87.3412 87.3412 160.9689 160.9689 160.96885 160.96885 160.968857 160.968857 160.96889 160.9689
43.1204 0 87.3412 87.3412 160.9689 160.9689 160.96885 160.96885 160.968857 160.968857 160.96889 160.9689
87.3412 87.3412 0 65.59 160.9689 160.9689 160.96885 160.96885 160.968857 160.968857 160.96889 160.9689
87.3412 87.3412 65.59 0 160.9689 160.9689 160.96885 160.96885 160.968857 160.968857 160.96889 160.9689
160.9689 160.9689 160.9689 160.9689 0 56.9942 130.21935 130.21935 130.219357 130.219357 130.21939 130.2194
160.9689 160.9689 160.9689 160.9689 56.9942 0 130.21935 130.21935 130.219357 130.219357 130.21939 130.2194
160.96885 160.96885 160.96885 160.96885 130.21935 130.21935 0 15.57632 15.576327 15.576327 70.78596 77.15075
160.96885 160.96885 160.96885 160.96885 130.21935 130.21935 15.57632 0 3.173747 3.173747 70.78596 77.15075
160.968857 160.968857 160.968857 160.968857 130.219357 130.219357 15.576327 3.173747 0 2.00612 70.785967 77.150757
160.968857 160.968857 160.968857 160.968857 130.219357 130.219357 15.576327 3.173747 2.00612 0 70.785967 77.150757
160.96889 160.96889 160.96889 160.96889 130.21939 130.21939 70.78596 70.78596 70.785967 70.785967 0 77.15079
160.9689 160.9689 160.9689 160.9689 130.2194 130.2194 77.15075 77.15075 77.150757 77.150757 77.15079 0
