0 20.519003 20.519003 20.519 20.519 113.7294 113.729384 113.729384 113.72938 113.72941 113.72941 113.72941
20.519003 0 1.818386 13.642663 13.642663 113.729403 113.729387 113.729387 113.729383 113.729413 113.729413 113.729413
20.519003 1.818386 0 13.642663 13.642663 113.729403 113.729387 113.729387 113.729383 113.729413 113.729413 113.729413
20.519 13.642663 13.642663 0 8.58964 113.7294 113.729384 113.729384 113.72938 113.72941 113.72941 113.72941
20.519 13.642663 13.642663 8.58964 0 113.7294 113.729384 113.729384 113.72938 113.72941 113.72941 113.72941
113.7294 113.729403 113.729403 113.7294 113.7294 0 56.149984 56.149984 56.14998 56.15001 56.15001 56.15001
113.729384 113.729387 113.729387 113.729384 113.729384 56.149984 0 0.305468 19.608184 41.760214 41.760214 41.760214
113.729384 113.729387 113.729387 113.729384 113.729384 56.149984 0.305468 0 19.608184 41.760214 41.760214 41.760214
113.72938 113.729383 113.729383 113.72938 113.72938 56.14998 19.608184 19.608184 0 41.76021 41.76021 41.76021
113.72941 113.729413 113.729413 113.72941 113.72941 56.15001 41.760214 41.760214 41.76021 0 15.68064 15.68064
113.72941 113.729413 113.729413 113.72941 113.72941 56.15001 41.760214 41.760214 41.76021 15.68064 0 4.62954
113.72941 113.729413 113.729413 113.72941 113.72941 56.15001 41.760214 41.760214 41.76021 15.68064 4.62954 0
