0 56.38299 56.382968933 56.382968933 56.38297 56.38297 56.38297 60.64656 60.64654 60.64654 60.6466 60.64659
56.38299 0 38.317578933 38.317578933 38.31758 38.31758 38.31758 60.64655 60.64653 60.64653 60.64659 60.64658
56.382968933 38.317578933 0 0.001477866 15.332558933 15.332558933 15.332558933 60.646528933 60.646508933 60.646508933 60.646568933 60.646558933
56.382968933 38.317578933 0.001477866 0 15.332558933 15.332558933 15.332558933 60.646528933 60.646508933 60.646508933 60.646568933 60.646558933
56.38297 38.31758 15.332558933 15.332558933 0 2.63708 5.63616 60.64653 60.64651 60.64651 60.64657 60.64656
56.38297 38.31758 15.332558933 15.332558933 2.63708 0 5.63616 60.64653 60.64651 60.64651 60.64657 60.64656
56.38297 38.31758 15.332558933 15.332558933 5.63616 5.63616 0 60.64653 60.64651 60.64651 60.64657 60.64656
60.64656 60.64655 60.646528933 60.646528933 60.64653 60.64653 60.64653 0 37.08058 37.08058 48.98136 51.43497
60.64654 60.64653 60.646508933 60.646508933 60.64651 60.64651 60.64651 37.08058 0 3.74476 48.98134 51.43495
60.64654 60.64653 60.646508933 60.646508933 60.64651 60.64651 60.64651 37.08058 3.74476 0 48.98134 51.43495
60.6466 60.64659 60.646568933 60.646568933 60.64657 60.64657 60.64657 48.98136 48.98134 48.98134 0 51.43501
60.64659 60.64658 60.646558933 60.646558933 60.64656 60.64656 60.64656 51.43497 51.43495 51.43495 51.43501 0
