0 91.658954 91.658955 91.658955 91.658954 91.658986 91.658986 117.21617 117.21617 117.21615 117.21618 117.21618
91.658954 0 11.768321 11.768321 15.9227 89.777332 89.777332 117.216124 117.216124 117.216104 117.216134 117.216134
91.658955 11.768321 0 11.11916 15.922701 89.777333 89.777333 117.216125 117.216125 117.216105 117.216135 117.216135
91.658955 11.768321 11.11916 0 15.922701 89.777333 89.777333 117.216125 117.216125 117.216105 117.216135 117.216135
91.658954 15.9227 15.922701 15.922701 0 89.777332 89.777332 117.216124 117.216124 117.216104 117.216134 117.216134
91.658986 89.777332 89.777333 89.777333 89.777332 0 1.130964 117.216156 117.216156 117.216136 117.216166 117.216166
91.658986 89.777332 89.777333 89.777333 89.777332 1.130964 0 117.216156 117.216156 117.216136 117.216166 117.216166
117.21617 117.216124 117.216125 117.216125 117.216124 117.216156 117.216156 0 5.69114 88.15332 88.15335 88.15335
117.21617 117.216124 117.216125 117.216125 117.216124 117.216156 117.216156 5.69114 0 88.15332 88.15335 88.15335
117.21615 117.216104 117.216105 117.216105 117.216104 117.216136 117.216136 88.15332 88.15332 0 69.15543 69.15543
117.21618 117.216134 117.216135 117.216135 117.216134 117.216166 117.216166 88.15335 88.15335 69.15543 0 15.07646
117.21618 117.216134 117.216135 117.216135 117.216134 117.216166 117.216166 88.15335 88.15335 69.15543 15.07646 0
