0 1.93369 25.205545 40.747985 40.747985 40.748036 40.748036 40.748026 40.748027 40.748027 40.748022 40.748022
1.93369 0 25.205545 40.747985 40.747985 40.748036 40.748036 40.748026 40.748027 40.748027 40.748022 40.748022
25.205545 25.205545 0 40.74804 40.74804 40.748091 40.748091 40.748081 40.748082 40.748082 40.748077 40.748077
40.747985 40.747985 40.74804 0 4.72862 38.619071 38.619071 38.619061 38.619062 38.619062 38.619057 38.619057
40.747985 40.747985 40.74804 4.72862 0 38.619071 38.619071 38.619061 38.619062 38.619062 38.619057 38.619057
40.748036 40.748036 40.748091 38.619071 38.619071 0 2.94532 37.82811 37.828111 37.828111 37.828106 37.828106
40.748036 40.748036 40.748091 38.619071 38.619071 2.94532 0 37.82811 37.828111 37.828111 37.828106 37.828106
40.748026 40.748026 40.748081 38.619061 38.619061 37.82811 37.82811 0 19.270761 19.270761 19.270756 19.270756
40.748027 40.748027 40.748082 38.619062 38.619062 37.828111 37.828111 19.270761 0 11.62962 18.933055 18.933055
40.748027 40.748027 40.748082 38.619062 38.619062 37.828111 37.828111 19.270761 11.62962 0 18.933055 18.933055
40.748022 40.748022 40.748077 38.619057 38.619057 37.828106 37.828106 19.270756 18.933055 18.933055 0 0.90155
40.748022 40.748022 40.748077 38.619057 38.619057 37.828106 37.828106 19.270756 18.933055 18.933055 0.90155 0
