0 35.255624 35.255624 45.704355 45.704355 45.704355 45.704355 45.704365 45.70436 45.704356 45.704356 56.9404
35.255624 0 1.661248 45.704379 45.704379 45.704379 45.704379 45.704389 45.704384 45.70438 45.70438 56.940424
35.255624 1.661248 0 45.704379 45.704379 45.704379 45.704379 45.704389 45.704384 45.70438 45.70438 56.940424
45.704355 45.704379 45.704379 0 2.22228 19.7449 19.7449 30.90159 31.188095 31.188091 31.188091 56.940395
45.704355 45.704379 45.704379 2.22228 0 19.7449 19.7449 30.90159 31.188095 31.188091 31.188091 56.940395
45.704355 45.704379 45.704379 19.7449 19.7449 0 12.37928 30.90159 31.188095 31.188091 31.188091 56.940395
45.704355 45.704379 45.704379 19.7449 19.7449 12.37928 0 30.90159 31.188095 31.188091 31.188091 56.940395
45.704365 45.704389 45.704389 30.90159 30.90159 30.90159 30.90159 0 31.188105 31.188101 31.188101 56.940405
45.70436 45.704384 45.704384 31.188095 31.188095 31.188095 31.188095 31.188105 0 18.334956 18.334956 56.9404
45.704356 45.70438 45.70438 31.188091 31.188091 31.188091 31.188091 31.188101 18.334956 0 0.277432 56.940396
45.704356 45.70438 45.70438 31.188091 31.188091 31.188091 31.188091 31.188101 18.334956 0.277432 0 56.940396
56.9404 56.940424 56.940424 56.940395 56.940395 56.940395 56.940395 56.940405 56.9404 56.940396 56.940396 0
