0 20.82579 20.825799 20.825799 38.25842 76.22125 76.22124 76.22124 76.22118 76.22121 76.22121 76.22121
20.82579 0 12.758309 12.758309 38.25841 76.22124 76.22123 76.22123 76.22117 76.2212 76.2212 76.2212
20.825799 12.758309 0 0.799758 38.258419 76.221249 76.221239 76.221239 76.221179 76.221209 76.221209 76.221209
20.825799 12.758309 0.799758 0 38.258419 76.221249 76.221239 76.221239 76.221179 76.221209 76.221209 76.221209
38.25842 38.25841 38.258419 38.258419 0 76.22123 76.22122 76.22122 76.22116 76.22119 76.22119 76.22119
76.22125 76.22124 76.221249 76.221249 76.22123 0 65.24659 65.24659 65.24653 65.24656 65.24656 65.24656
76.22124 76.22123 76.221239 76.221239 76.22122 65.24659 0 55.5042 55.50414 55.50417 55.50417 55.50417
76.22124 76.22123 76.221239 76.221239 76.22122 65.24659 55.5042 0 35.22194 35.22197 35.22197 35.22197
76.22118 76.22117 76.221179 76.221179 76.22116 65.24653 55.50414 35.22194 0 23.24943 23.24943 23.24943
76.22121 76.2212 76.221209 76.221209 76.22119 65.24656 55.50417 35.22197 23.24943 0 14.09214 14.09214
76.22121 76.2212 76.221209 76.221209 76.22119 65.24656 55.50417 35.22197 23.24943 14.09214 0 12.38182
76.22121 76.2212 76.221209 76.221209 76.22119 65.24656 55.50417 35.22197 23.24943 14.09214 12.38182 0
