0 15.0939 15.0939 22.94198 58.9954207 58.9954177 58.9954177 58.9954207 58.995473 58.995473 73.3842 73.3842
15.0939 0 5.29928 22.94198 58.9954207 58.9954177 58.9954177 58.9954207 58.995473 58.995473 73.3842 73.3842
15.0939 5.29928 0 22.94198 58.9954207 58.9954177 58.9954177 58.9954207 58.995473 58.995473 73.3842 73.3842
22.94198 22.94198 22.94198 0 58.9954407 58.9954377 58.9954377 58.9954407 58.995493 58.995493 73.38422 73.38422
58.9954207 58.9954207 58.9954207 58.9954407 0 57.645597 57.645597 57.6456 57.6485477 57.6485477 73.3842607 73.3842607
58.9954177 58.9954177 58.9954177 58.9954377 57.645597 0 0.975714 14.341997 57.6485447 57.6485447 73.3842577 73.3842577
58.9954177 58.9954177 58.9954177 58.9954377 57.645597 0.975714 0 14.341997 57.6485447 57.6485447 73.3842577 73.3842577
58.9954207 58.9954207 58.9954207 58.9954407 57.6456 14.341997 14.341997 0 57.6485477 57.6485477 73.3842607 73.3842607
58.995473 58.995473 58.995473 58.995493 57.6485477 57.6485447 57.6485447 57.6485477 0 34.5182 73.384313 73.384313
58.995473 58.995473 58.995473 58.995493 57.6485477 57.6485447 57.6485447 57.6485477 34.5182 0 73.384313 73.384313
73.3842 73.3842 73.3842 73.38422 73.3842607 73.3842577 73.3842577 73.3842607 73.384313 73.384313 0 25.415
73.3842 73.3842 73.3842 73.38422 73.3842607 73.3842577 73.3842577 73.3842607 73.384313 73.384313 25.415 0
