0 116.05734 116.05734 116.05734 116.05734 116.05734 116.05734 116.05734 116.05744 116.05742 116.057415 116.057415
116.05734 0 29.2254 34.4002 84.4244 84.4244 84.4244 84.4244 111.9543 111.95428 111.954275 111.954275
116.05734 29.2254 0 34.4002 84.4244 84.4244 84.4244 84.4244 111.9543 111.95428 111.954275 111.954275
116.05734 34.4002 34.4002 0 84.4244 84.4244 84.4244 84.4244 111.9543 111.95428 111.954275 111.954275
116.05734 84.4244 84.4244 84.4244 0 18.2682 18.2682 18.2682 111.9543 111.95428 111.954275 111.954275
116.05734 84.4244 84.4244 84.4244 18.2682 0 3.42148 7.82214 111.9543 111.95428 111.954275 111.954275
116.05734 84.4244 84.4244 84.4244 18.2682 3.42148 0 7.82214 111.9543 111.95428 111.954275 111.954275
116.05734 84.4244 84.4244 84.4244 18.2682 7.82214 7.82214 0 111.9543 111.95428 111.954275 111.954275
116.05744 111.9543 111.9543 111.9543 111.9543 111.9543 111.9543 111.9543 0 24.70478 24.704775 24.704775
116.05742 111.95428 111.95428 111.95428 111.95428 111.95428 111.95428 111.95428 24.70478 0 11.080375 11.080375
116.057415 111.954275 111.954275 111.954275 111.954275 111.954275 111.954275 111.954275 24.704775 11.080375 0 10.06822
116.057415 111.954275 111.954275 111.954275 111.954275 111.954275 111.954275 111.954275 24.704775 11.080375 10.06822 0
