0 69.0102 181.709704 181.709634 181.709634 181.709594 181.709594 181.709654 181.709654 181.7096 181.7096 181.7096
69.0102 0 181.709704 181.709634 181.709634 181.709594 181.709594 181.709654 181.709654 181.7096 181.7096 181.7096
181.709704 181.709704 0 33.85213 33.85213 55.92169 55.92169 55.92175 55.92175 57.125504 57.125504 57.125504
181.709634 181.709634 33.85213 0 2.27866 55.92162 55.92162 55.92168 55.92168 57.125434 57.125434 57.125434
181.709634 181.709634 33.85213 2.27866 0 55.92162 55.92162 55.92168 55.92168 57.125434 57.125434 57.125434
181.709594 181.709594 55.92169 55.92162 55.92162 0 20.3588 45.69846 45.69846 57.125394 57.125394 57.125394
181.709594 181.709594 55.92169 55.92162 55.92162 20.3588 0 45.69846 45.69846 57.125394 57.125394 57.125394
181.709654 181.709654 55.92175 55.92168 55.92168 45.69846 45.69846 0 29.3848 57.125454 57.125454 57.125454
181.709654 181.709654 55.92175 55.92168 55.92168 45.69846 45.69846 29.3848 0 57.125454 57.125454 57.125454
181.7096 181.7096 57.125504 57.125434 57.125434 57.125394 57.125394 57.125454 57.125454 0 9.0736 9.0736
181.7096 181.7096 57.125504 57.125434 57.125434 57.125394 57.125394 57.125454 57.125454 9.0736 0 5.73754
181.7096 181.7096 57.125504 57.125434 57.125434 57.125394 57.125394 57.125454 57.125454 9.0736 5.73754 0
