0 8.6324 10.255922 11.513066 16.273136 23.674216 59.057769 59.057769 59.057836 59.057826 59.057826 66.908436
8.6324 0 10.255922 11.513066 16.273136 23.674216 59.057769 59.057769 59.057836 59.057826 59.057826 66.908436
10.255922 10.255922 0 11.513064 16.273134 23.674214 59.057767 59.057767 59.057834 59.057824 59.057824 66.908434
11.513066 11.513066 11.513064 0 16.27313 23.67421 59.057763 59.057763 59.05783 59.05782 59.05782 66.90843
16.273136 16.273136 16.273134 16.27313 0 23.67422 59.057773 59.057773 59.05784 59.05783 59.05783 66.90844
23.674216 23.674216 23.674214 23.67421 23.67422 0 59.057753 59.057753 59.05782 59.05781 59.05781 66.90842
59.057769 59.057769 59.057767 59.057763 59.057773 59.057753 0 0.593866 41.049933 41.049923 41.049923 66.908373
59.057769 59.057769 59.057767 59.057763 59.057773 59.057753 0.593866 0 41.049933 41.049923 41.049923 66.908373
59.057836 59.057836 59.057834 59.05783 59.05784 59.05782 41.049933 41.049933 0 20.70299 20.70299 66.90844
59.057826 59.057826 59.057824 59.05782 59.05783 59.05781 41.049923 41.049923 20.70299 0 2.59592 66.90843
59.057826 59.057826 59.057824 59.05782 59.05783 59.05781 41.049923 41.049923 20.70299 2.59592 0 66.90843
66.908436 66.908436 66.908434 66.90843 66.90844 66.90842 66.908373 66.908373 66.90844 66.90843 66.90843 0
