0 12.8165 35.1529 35.1529 43.66665 43.66665 43.66665 43.66665 43.66666 124.81122 124.81122 124.81122
12.8165 0 35.1529 35.1529 43.66665 43.66665 43.66665 43.66665 43.66666 124.81122 124.81122 124.81122
35.1529 35.1529 0 8.8515 43.66665 43.66665 43.66665 43.66665 43.66666 124.81122 124.81122 124.81122
35.1529 35.1529 8.8515 0 43.66665 43.66665 43.66665 43.66665 43.66666 124.81122 124.81122 124.81122
43.66665 43.66665 43.66665 43.66665 0 22.9514 40.49306 40.49306 40.49307 124.81123 124.81123 124.81123
43.66665 43.66665 43.66665 43.66665 22.9514 0 40.49306 40.49306 40.49307 124.81123 124.81123 124.81123
43.66665 43.66665 43.66665 43.66665 40.49306 40.49306 0 3.40658 28.90699 124.81123 124.81123 124.81123
43.66665 43.66665 43.66665 43.66665 40.49306 40.49306 3.40658 0 28.90699 124.81123 124.81123 124.81123
43.66666 43.66666 43.66666 43.66666 40.49307 40.49307 28.90699 28.90699 0 124.81124 124.81124 124.81124
124.81122 124.81122 124.81122 124.81122 124.81123 124.81123 124.81123 124.81123 124.81124 0 27.9324 101.3302
124.81122 124.81122 124.81122 124.81122 124.81123 124.81123 124.81123 124.81123 124.81124 27.9324 0 101.3302
124.81122 124.81122 124.81122 124.81122 124.81123 124.81123 124.81123 124.81123 124.81124 101.3302 101.3302 0
