0 14.91372 19.49467 19.49467 41.46407 41.4640997 41.4640997 41.4641 41.464098 41.464098 161.79304 161.79304
14.91372 0 19.49467 19.49467 41.46407 41.4640997 41.4640997 41.4641 41.464098 41.464098 161.79304 161.79304
19.49467 19.49467 0 16.14178 41.46406 41.4640897 41.4640897 41.46409 41.464088 41.464088 161.79303 161.79303
19.49467 19.49467 16.14178 0 41.46406 41.4640897 41.4640897 41.46409 41.464088 41.464088 161.79303 161.79303
41.46407 41.46407 41.46406 41.46406 0 38.0796297 38.0796297 38.07963 38.079628 38.079628 161.79303 161.79303
41.4640997 41.4640997 41.4640897 41.4640897 38.0796297 0 0.0200594 19.7966997 19.7966977 19.7966977 161.7930597 161.7930597
41.4640997 41.4640997 41.4640897 41.4640897 38.0796297 0.0200594 0 19.7966997 19.7966977 19.7966977 161.7930597 161.7930597
41.4641 41.4641 41.46409 41.46409 38.07963 19.7966997 19.7966997 0 14.588558 14.588558 161.79306 161.79306
41.464098 41.464098 41.464088 41.464088 38.079628 19.7966977 19.7966977 14.588558 0 13.05384 161.793058 161.793058
41.464098 41.464098 41.464088 41.464088 38.079628 19.7966977 19.7966977 14.588558 13.05384 0 161.793058 161.793058
161.79304 161.79304 161.79303 161.79303 161.79303 161.7930597 161.7930597 161.79306 161.793058 161.793058 0 49.465
161.79304 161.79304 161.79303 161.79303 161.79303 161.7930597 161.7930597 161.79306 161.793058 161.793058 49.465 0
