0 57.736372 57.736372 57.736362 57.736372 57.736372 57.736362 57.736362 57.73639 57.73639 79.1176 79.1176
57.736372 0 9.32152 14.30285 18.09152 51.58532 51.58531 51.58531 53.486182 53.486182 79.117572 79.117572
57.736372 9.32152 0 14.30285 18.09152 51.58532 51.58531 51.58531 53.486182 53.486182 79.117572 79.117572
57.736362 14.30285 14.30285 0 18.09151 51.58531 51.5853 51.5853 53.486172 53.486172 79.117562 79.117562
57.736372 18.09152 18.09152 18.09151 0 51.58532 51.58531 51.58531 53.486182 53.486182 79.117572 79.117572
57.736372 51.58532 51.58532 51.58531 51.58532 0 48.03499 48.03499 53.486182 53.486182 79.117572 79.117572
57.736362 51.58531 51.58531 51.5853 51.58531 48.03499 0 42.8426 53.486172 53.486172 79.117562 79.117562
57.736362 51.58531 51.58531 51.5853 51.58531 48.03499 42.8426 0 53.486172 53.486172 79.117562 79.117562
57.73639 53.486182 53.486182 53.486172 53.486182 53.486182 53.486172 53.486172 0 46.9258 79.11759 79.11759
57.73639 53.486182 53.486182 53.486172 53.486182 53.486182 53.486172 53.486172 46.9258 0 79.11759 79.11759
79.1176 79.117572 79.117572 79.117562 79.117572 79.117572 79.117562 79.117562 79.11759 79.11759 0 51.6544
79.1176 79.117572 79.117572 79.117562 79.117572 79.117572 79.117562 79.117562 79.11759 79.11759 51.6544 0
