0 10.962734 10.962734 10.962734 11.370922 109.87809 109.87813 109.87813 109.878092 118.811492 118.811492 118.811492
10.962734 0 1.990228 1.990228 11.370916 109.878084 109.878124 109.878124 109.878086 118.811486 118.811486 118.811486
10.962734 1.990228 0 1.337774 11.370916 109.878084 109.878124 109.878124 109.878086 118.811486 118.811486 118.811486
10.962734 1.990228 1.337774 0 11.370916 109.878084 109.878124 109.878124 109.878086 118.811486 118.811486 118.811486
11.370922 11.370916 11.370916 11.370916 0 109.878088 109.878128 109.878128 109.87809 118.81149 118.81149 118.81149
109.87809 109.878084 109.878084 109.878084 109.878088 0 91.31944 91.31944 92.267198 118.811458 118.811458 118.811458
109.87813 109.878124 109.878124 109.878124 109.878128 91.31944 0 76.6712 92.267238 118.811498 118.811498 118.811498
109.87813 109.878124 109.878124 109.878124 109.878128 91.31944 76.6712 0 92.267238 118.811498 118.811498 118.811498
109.878092 109.878086 109.878086 109.878086 109.87809 92.267198 92.267238 92.267238 0 118.81146 118.81146 118.81146
118.811492 118.811486 118.811486 118.811486 118.81149 118.811458 118.811498 118.811498 118.81146 0 39.0976 39.0976
118.811492 118.811486 118.811486 118.811486 118.81149 118.811458 118.811498 118.811498 118.81146 39.0976 0 16.7522
118.811492 118.811486 118.811486 118.811486 118.81149 118.811458 118.811498 118.811498 118.81146 39.0976 16.7522 0
