0 0.420602 8.931081 17.843191 21.206981 55.928681 118.441931 118.441931 118.442001 118.441974 118.441974 118.441971
0.420602 0 8.931081 17.843191 21.206981 55.928681 118.441931 118.441931 118.442001 118.441974 118.441974 118.441971
8.931081 8.931081 0 17.84319 21.20698 55.92868 118.44193 118.44193 118.442 118.441973 118.441973 118.44197
17.843191 17.843191 17.84319 0 21.20699 55.92869 118.44194 118.44194 118.44201 118.441983 118.441983 118.44198
21.206981 21.206981 21.20698 21.20699 0 55.9287 118.44195 118.44195 118.44202 118.441993 118.441993 118.44199
55.928681 55.928681 55.92868 55.92869 55.9287 0 118.44185 118.44185 118.44192 118.441893 118.441893 118.44189
118.441931 118.441931 118.44193 118.44194 118.44195 118.44185 0 14.9033 47.06197 47.061943 47.061943 47.06194
118.441931 118.441931 118.44193 118.44194 118.44195 118.44185 14.9033 0 47.06197 47.061943 47.061943 47.06194
118.442001 118.442001 118.442 118.44201 118.44202 118.44192 47.06197 47.06197 0 44.812973 44.812973 44.81297
118.441974 118.441974 118.441973 118.441983 118.441993 118.441893 47.061943 47.061943 44.812973 0 0.207186 12.474743
118.441974 118.441974 118.441973 118.441983 118.441993 118.441893 47.061943 47.061943 44.812973 0.207186 0 12.474743
118.441971 118.441971 118.44197 118.44198 118.44199 118.44189 47.06194 47.06194 44.81297 12.474743 12.474743 0
