0 56.7039 56.7039 196.70424 196.70424 196.70424 196.70424 196.70424 196.70424 196.70431 196.704314 196.704314
56.7039 0 33.9976 196.70414 196.70414 196.70414 196.70414 196.70414 196.70414 196.70421 196.704214 196.704214
56.7039 33.9976 0 196.70414 196.70414 196.70414 196.70414 196.70414 196.70414 196.70421 196.704214 196.704214
196.70424 196.70414 196.70414 0 0.68387 1.58888 149.06908 149.06908 149.06908 149.06915 149.069154 149.069154
196.70424 196.70414 196.70414 0.68387 0 1.58888 149.06908 149.06908 149.06908 149.06915 149.069154 149.069154
196.70424 196.70414 196.70414 1.58888 1.58888 0 149.06908 149.06908 149.06908 149.06915 149.069154 149.069154
196.70424 196.70414 196.70414 149.06908 149.06908 149.06908 0 0.37224 13.59768 84.04415 84.044154 84.044154
196.70424 196.70414 196.70414 149.06908 149.06908 149.06908 0.37224 0 13.59768 84.04415 84.044154 84.044154
196.70424 196.70414 196.70414 149.06908 149.06908 149.06908 13.59768 13.59768 0 84.04415 84.044154 84.044154
196.70431 196.70421 196.70421 149.06915 149.06915 149.06915 84.04415 84.04415 84.04415 0 19.636424 19.636424
196.704314 196.704214 196.704214 149.069154 149.069154 149.069154 84.044154 84.044154 84.044154 19.636424 0 0.972268
196.704314 196.704214 196.704214 149.069154 149.069154 149.069154 84.044154 84.044154 84.044154 19.636424 0.972268 0
