0 16.70644 19.09014 51.8088 51.80873 51.808722 51.808722 51.80873 68.74509 68.74509 68.74509 68.74509
16.70644 0 19.09014 51.8088 51.80873 51.808722 51.808722 51.80873 68.74509 68.74509 68.74509 68.74509
19.09014 19.09014 0 51.8088 51.80873 51.808722 51.808722 51.80873 68.74509 68.74509 68.74509 68.74509
51.8088 51.8088 51.8088 0 41.89453 41.894522 41.894522 41.89453 68.74515 68.74515 68.74515 68.74515
51.80873 51.80873 51.80873 41.89453 0 5.102712 5.102712 10.93726 68.74508 68.74508 68.74508 68.74508
51.808722 51.808722 51.808722 41.894522 5.102712 0 0.557504 10.937252 68.745072 68.745072 68.745072 68.745072
51.808722 51.808722 51.808722 41.894522 5.102712 0.557504 0 10.937252 68.745072 68.745072 68.745072 68.745072
51.80873 51.80873 51.80873 41.89453 10.93726 10.937252 10.937252 0 68.74508 68.74508 68.74508 68.74508
68.74509 68.74509 68.74509 68.74515 68.74508 68.745072 68.745072 68.74508 0 6.00012 14.43312 14.43312
68.74509 68.74509 68.74509 68.74515 68.74508 68.745072 68.745072 68.74508 6.00012 0 14.43312 14.43312
68.74509 68.74509 68.74509 68.74515 68.74508 68.745072 68.745072 68.74508 14.43312 14.43312 0 10.02014
68.74509 68.74509 68.74509 68.74515 68.74508 68.745072 68.745072 68.74508 14.43312 14.43312 10.02014 0
