0 0.743642 35.671021 238.319041 238.3190424 238.3190424 238.319051 238.318911 238.318861 238.318861 238.318861 238.318911
0.743642 0 35.671021 238.319041 238.3190424 238.3190424 238.319051 238.318911 238.318861 238.318861 238.318861 238.318911
35.671021 35.671021 0 238.31902 238.3190214 238.3190214 238.31903 238.31889 238.31884 238.31884 238.31884 238.31889
238.319041 238.319041 238.31902 0 16.8364614 16.8364614 16.83647 232.13633 232.13628 232.13628 232.13628 232.13633
238.3190424 238.3190424 238.3190214 16.8364614 0 0.0229628 4.0370114 232.1363314 232.1362814 232.1362814 232.1362814 232.1363314
238.3190424 238.3190424 238.3190214 16.8364614 0.0229628 0 4.0370114 232.1363314 232.1362814 232.1362814 232.1362814 232.1363314
238.319051 238.319051 238.31903 16.83647 4.0370114 4.0370114 0 232.13634 232.13629 232.13629 232.13629 232.13634
238.318911 238.318911 238.31889 232.13633 232.1363314 232.1363314 232.13634 0 96.93595 96.93595 96.93595 96.936
238.318861 238.318861 238.31884 232.13628 232.1362814 232.1362814 232.13629 96.93595 0 10.27732 14.4095 52.99755
238.318861 238.318861 238.31884 232.13628 232.1362814 232.1362814 232.13629 96.93595 10.27732 0 14.4095 52.99755
238.318861 238.318861 238.31884 232.13628 232.1362814 232.1362814 232.13629 96.93595 14.4095 14.4095 0 52.99755
238.318911 238.318911 238.31889 232.13633 232.1363314 232.1363314 232.13634 96.936 52.99755 52.99755 52.99755 0
