0 1.44231 92.730355 92.730355 92.730355 92.730355 92.730345 168.680783 168.680783 168.680745 168.680745 168.680755
1.44231 0 92.730355 92.730355 92.730355 92.730355 92.730345 168.680783 168.680783 168.680745 168.680745 168.680755
92.730355 92.730355 0 50.649 50.649 50.649 50.64899 168.680828 168.680828 168.68079 168.68079 168.6808
92.730355 92.730355 50.649 0 4.59728 4.59728 7.60679 168.680828 168.680828 168.68079 168.68079 168.6808
92.730355 92.730355 50.649 4.59728 0 2.3605 7.60679 168.680828 168.680828 168.68079 168.68079 168.6808
92.730355 92.730355 50.649 4.59728 2.3605 0 7.60679 168.680828 168.680828 168.68079 168.68079 168.6808
92.730345 92.730345 50.64899 7.60679 7.60679 7.60679 0 168.680818 168.680818 168.68078 168.68078 168.68079
168.680783 168.680783 168.680828 168.680828 168.680828 168.680828 168.680818 0 22.1198 23.440218 23.440218 123.501828
168.680783 168.680783 168.680828 168.680828 168.680828 168.680828 168.680818 22.1198 0 23.440218 23.440218 123.501828
168.680745 168.680745 168.68079 168.68079 168.68079 168.68079 168.68078 23.440218 23.440218 0 4.28034 123.50179
168.680745 168.680745 168.68079 168.68079 168.68079 168.68079 168.68078 23.440218 23.440218 4.28034 0 123.50179
168.680755 168.680755 168.6808 168.6808 168.6808 168.6808 168.68079 123.501828 123.501828 123.50179 123.50179 0
