0 35.3374 60.19937 60.19937 65.421103 65.421103 78.38778 92.40131 92.40131 92.40132 92.401324 92.401324
35.3374 0 60.19937 60.19937 65.421103 65.421103 78.38778 92.40131 92.40131 92.40132 92.401324 92.401324
60.19937 60.19937 0 14.48594 65.421073 65.421073 78.38775 92.40128 92.40128 92.40129 92.401294 92.401294
60.19937 60.19937 14.48594 0 65.421073 65.421073 78.38775 92.40128 92.40128 92.40129 92.401294 92.401294
65.421103 65.421103 65.421073 65.421073 0 0.358266 78.387743 92.401273 92.401273 92.401283 92.401287 92.401287
65.421103 65.421103 65.421073 65.421073 0.358266 0 78.387743 92.401273 92.401273 92.401283 92.401287 92.401287
78.38778 78.38778 78.38775 78.38775 78.387743 78.387743 0 92.40133 92.40133 92.40134 92.401344 92.401344
92.40131 92.40131 92.40128 92.40128 92.401273 92.401273 92.40133 0 21.1708 40.85153 40.851534 40.851534
92.40131 92.40131 92.40128 92.40128 92.401273 92.401273 92.40133 21.1708 0 40.85153 40.851534 40.851534
92.40132 92.40132 92.40129 92.40129 92.401283 92.401283 92.40134 40.85153 40.85153 0 16.833544 16.833544
92.401324 92.401324 92.401294 92.401294 92.401287 92.401287 92.401344 40.851534 40.851534 16.833544 0 0.210328
92.401324 92.401324 92.401294 92.401294 92.401287 92.401287 92.401344 40.851534 40.851534 16.833544 0.210328 0
