0 44.3998 189.13314 189.13304 189.13304 189.1331 189.13305 189.13305 189.1330554 189.1330554 189.13309 189.13309
44.3998 0 189.13314 189.13304 189.13304 189.1331 189.13305 189.13305 189.1330554 189.1330554 189.13309 189.13309
189.13314 189.13314 0 42.1015 42.1015 51.7566 51.75655 51.75655 59.9565954 59.9565954 59.95663 59.95663
189.13304 189.13304 42.1015 0 21.6456 51.7565 51.75645 51.75645 59.9564954 59.9564954 59.95653 59.95653
189.13304 189.13304 42.1015 21.6456 0 51.7565 51.75645 51.75645 59.9564954 59.9564954 59.95653 59.95653
189.1331 189.1331 51.7566 51.7565 51.7565 0 39.87575 39.87575 59.9565554 59.9565554 59.95659 59.95659
189.13305 189.13305 51.75655 51.75645 51.75645 39.87575 0 2.9831 59.9565054 59.9565054 59.95654 59.95654
189.13305 189.13305 51.75655 51.75645 51.75645 39.87575 2.9831 0 59.9565054 59.9565054 59.95654 59.95654
189.1330554 189.1330554 59.9565954 59.9564954 59.9564954 59.9565554 59.9565054 59.9565054 0 0.0778108 45.9414454 45.9414454
189.1330554 189.1330554 59.9565954 59.9564954 59.9564954 59.9565554 59.9565054 59.9565054 0.0778108 0 45.9414454 45.9414454
189.13309 189.13309 59.95663 59.95653 59.95653 59.95659 59.95654 59.95654 45.9414454 45.9414454 0 6.09628
189.13309 189.13309 59.95663 59.95653 59.95653 59.95659 59.95654 59.95654 45.9414454 45.9414454 6.09628 0
