0 63.8636 136.63781 136.63781 136.63774 136.63774 136.63772 136.63777 136.63776 136.63774 136.63774 136.63776
63.8636 0 136.63781 136.63781 136.63774 136.63774 136.63772 136.63777 136.63776 136.63774 136.63774 136.63776
136.63781 136.63781 0 29.7904 67.37353 67.37353 74.75353 74.75358 74.75357 74.75355 74.75355 74.75357
136.63781 136.63781 29.7904 0 67.37353 67.37353 74.75353 74.75358 74.75357 74.75355 74.75355 74.75357
136.63774 136.63774 67.37353 67.37353 0 6.00066 74.75346 74.75351 74.7535 74.75348 74.75348 74.7535
136.63774 136.63774 67.37353 67.37353 6.00066 0 74.75346 74.75351 74.7535 74.75348 74.75348 74.7535
136.63772 136.63772 74.75353 74.75353 74.75346 74.75346 0 55.99185 55.99184 55.99182 55.99182 55.99184
136.63777 136.63777 74.75358 74.75358 74.75351 74.75351 55.99185 0 49.29779 49.29777 49.29777 49.29779
136.63776 136.63776 74.75357 74.75357 74.7535 74.7535 55.99184 49.29779 0 45.33878 45.33878 45.3388
136.63774 136.63774 74.75355 74.75355 74.75348 74.75348 55.99182 49.29777 45.33878 0 12.84374 23.12358
136.63774 136.63774 74.75355 74.75355 74.75348 74.75348 55.99182 49.29777 45.33878 12.84374 0 23.12358
136.63776 136.63776 74.75357 74.75357 74.7535 74.7535 55.99184 49.29779 45.3388 23.12358 23.12358 0
