0 23.019389 23.019369 23.019369 57.69655 57.6965494 57.6965494 57.69661 57.69661 60.290262 60.290262 60.29026
23.019389 0 22.08598 22.08598 57.696539 57.6965384 57.6965384 57.696599 57.696599 60.290251 60.290251 60.290249
23.019369 22.08598 0 5.29718 57.696519 57.6965184 57.6965184 57.696579 57.696579 60.290231 60.290231 60.290229
23.019369 22.08598 5.29718 0 57.696519 57.6965184 57.6965184 57.696579 57.696579 60.290231 60.290231 60.290229
57.69655 57.696539 57.696519 57.696519 0 4.0386994 4.0386994 33.02396 33.02396 60.290212 60.290212 60.29021
57.6965494 57.6965384 57.6965184 57.6965184 4.0386994 0 0.0366188 33.0239594 33.0239594 60.2902114 60.2902114 60.2902094
57.6965494 57.6965384 57.6965184 57.6965184 4.0386994 0.0366188 0 33.0239594 33.0239594 60.2902114 60.2902114 60.2902094
57.69661 57.696599 57.696579 57.696579 33.02396 33.0239594 33.0239594 0 2.76562 60.290272 60.290272 60.29027
57.69661 57.696599 57.696579 57.696579 33.02396 33.0239594 33.0239594 2.76562 0 60.290272 60.290272 60.29027
60.290262 60.290251 60.290231 60.290231 60.290212 60.2902114 60.2902114 60.290272 60.290272 0 5.79658 7.520462
60.290262 60.290251 60.290231 60.290231 60.290212 60.2902114 60.2902114 60.290272 60.290272 5.79658 0 7.520462
60.29026 60.290249 60.290229 60.290229 60.29021 60.2902094 60.2902094 60.29027 60.29027 7.520462 7.520462 0
