0 15.07282 15.07282 15.07282 29.47119 43.2316 101.902073 101.902083 101.902083 101.9021 173.4098 173.4098
15.07282 0 2.2933 5.02706 29.47119 43.2316 101.902073 101.902083 101.902083 101.9021 173.4098 173.4098
15.07282 2.2933 0 5.02706 29.47119 43.2316 101.902073 101.902083 101.902083 101.9021 173.4098 173.4098
15.07282 5.02706 5.02706 0 29.47119 43.2316 101.902073 101.902083 101.902083 101.9021 173.4098 173.4098
29.47119 29.47119 29.47119 29.47119 0 43.23161 101.902083 101.902093 101.902093 101.90211 173.40981 173.40981
43.2316 43.2316 43.2316 43.2316 43.23161 0 101.902073 101.902083 101.902083 101.9021 173.4098 173.4098
101.902073 101.902073 101.902073 101.902073 101.902083 101.902073 0 28.52621 28.52621 29.042573 173.409873 173.409873
101.902083 101.902083 101.902083 101.902083 101.902093 101.902083 28.52621 0 21.6388 29.042583 173.409883 173.409883
101.902083 101.902083 101.902083 101.902083 101.902093 101.902083 28.52621 21.6388 0 29.042583 173.409883 173.409883
101.9021 101.9021 101.9021 101.9021 101.90211 101.9021 29.042573 29.042583 29.042583 0 173.4099 173.4099
173.4098 173.4098 173.4098 173.4098 173.40981 173.4098 173.409873 173.409883 173.409883 173.4099 0 60.5134
173.4098 173.4098 173.4098 173.4098 173.40981 173.4098 173.409873 173.409883 173.409883 173.4099 60.5134 0
