0 2.409384 2.409384 30.859817 30.859817 30.85980405 30.85980405 30.8598339 30.8598339 30.8598339 30.8598449 30.8598449
2.409384 0 1.464066 30.859821 30.859821 30.85980805 30.85980805 30.8598379 30.8598379 30.8598379 30.8598489 30.8598489
2.409384 1.464066 0 30.859821 30.859821 30.85980805 30.85980805 30.8598379 30.8598379 30.8598379 30.8598489 30.8598489
30.859817 30.859821 30.859821 0 0.828528 30.01151505 30.01151505 30.0115449 30.0115449 30.0115449 30.0115559 30.0115559
30.859817 30.859821 30.859821 0.828528 0 30.01151505 30.01151505 30.0115449 30.0115449 30.0115449 30.0115559 30.0115559
30.85980405 30.85980805 30.85980805 30.01151505 30.01151505 0 0.0023603 20.81859015 20.81859015 20.81859015 29.92180115 29.92180115
30.85980405 30.85980805 30.85980805 30.01151505 30.01151505 0.0023603 0 20.81859015 20.81859015 20.81859015 29.92180115 29.92180115
30.8598339 30.8598379 30.8598379 30.0115449 30.0115449 20.81859015 20.81859015 0 6.53414 14.36752 29.921831 29.921831
30.8598339 30.8598379 30.8598379 30.0115449 30.0115449 20.81859015 20.81859015 6.53414 0 14.36752 29.921831 29.921831
30.8598339 30.8598379 30.8598379 30.0115449 30.0115449 20.81859015 20.81859015 14.36752 14.36752 0 29.921831 29.921831
30.8598449 30.8598489 30.8598489 30.0115559 30.0115559 29.92180115 29.92180115 29.921831 29.921831 29.921831 0 29.1772
30.8598449 30.8598489 30.8598489 30.0115559 30.0115559 29.92180115 29.92180115 29.921831 29.921831 29.921831 29.1772 0
