0 7.41096 42.24488 85.87748 99.612769 99.612769 99.612769 99.612803 99.612803 99.6127379 99.6127379 99.612769
7.41096 0 42.24488 85.87748 99.612769 99.612769 99.612769 99.612803 99.612803 99.6127379 99.6127379 99.612769
42.24488 42.24488 0 85.8774 99.612689 99.612689 99.612689 99.612723 99.612723 99.6126579 99.6126579 99.612689
85.87748 85.87748 85.8774 0 99.612689 99.612689 99.612689 99.612723 99.612723 99.6126579 99.6126579 99.612689
99.612769 99.612769 99.612689 99.612689 0 24.9086 98.0856 98.085634 98.085634 98.0855689 98.0855689 98.0856
99.612769 99.612769 99.612689 99.612689 24.9086 0 98.0856 98.085634 98.085634 98.0855689 98.0855689 98.0856
99.612769 99.612769 99.612689 99.612689 98.0856 98.0856 0 28.141034 28.141034 28.1409689 28.1409689 59.0196
99.612803 99.612803 99.612723 99.612723 98.085634 98.085634 28.141034 0 5.34876 26.8890949 26.8890949 59.019634
99.612803 99.612803 99.612723 99.612723 98.085634 98.085634 28.141034 5.34876 0 26.8890949 26.8890949 59.019634
99.6127379 99.6127379 99.6126579 99.6126579 98.0855689 98.0855689 28.1409689 26.8890949 26.8890949 0 0.1902298 59.0195689
99.6127379 99.6127379 99.6126579 99.6126579 98.0855689 98.0855689 28.1409689 26.8890949 26.8890949 0.1902298 0 59.0195689
99.612769 99.612769 99.612689 99.612689 98.0856 98.0856 59.0196 59.019634 59.019634 59.0195689 59.0195689 0
