0 42.62096 42.62096 42.62096 42.62096 42.62096 42.62099 42.62099 42.62094 69.45315 69.453147 69.453147
42.62096 0 11.20668 11.20668 20.06716 20.06716 32.89843 32.89843 32.89838 69.45311 69.453107 69.453107
42.62096 11.20668 0 2.67334 20.06716 20.06716 32.89843 32.89843 32.89838 69.45311 69.453107 69.453107
42.62096 11.20668 2.67334 0 20.06716 20.06716 32.89843 32.89843 32.89838 69.45311 69.453107 69.453107
42.62096 20.06716 20.06716 20.06716 0 3.2662 32.89843 32.89843 32.89838 69.45311 69.453107 69.453107
42.62096 20.06716 20.06716 20.06716 3.2662 0 32.89843 32.89843 32.89838 69.45311 69.453107 69.453107
42.62099 32.89843 32.89843 32.89843 32.89843 32.89843 0 4.3729 27.95285 69.45314 69.453137 69.453137
42.62099 32.89843 32.89843 32.89843 32.89843 32.89843 4.3729 0 27.95285 69.45314 69.453137 69.453137
42.62094 32.89838 32.89838 32.89838 32.89838 32.89838 27.95285 27.95285 0 69.45309 69.453087 69.453087
69.45315 69.45311 69.45311 69.45311 69.45311 69.45311 69.45314 69.45314 69.45309 0 11.742697 11.742697
69.453147 69.453107 69.453107 69.453107 69.453107 69.453107 69.453137 69.453137 69.453087 11.742697 0 0.652374
69.453147 69.453107 69.453107 69.453107 69.453107 69.453107 69.453137 69.453137 69.453087 11.742697 0.652374 0
