0 44.1697623 44.1697553 44.1697553 44.1697553 44.1697593 44.16976 44.16976 70.395 97.3627 133.6278 133.6278
44.1697623 0 12.862953 12.862953 12.862953 14.655743 14.8363223 14.8363223 70.3949623 97.3626623 133.6277623 133.6277623
44.1697553 12.862953 0 11.83336 11.83336 14.655736 14.8363153 14.8363153 70.3949553 97.3626553 133.6277553 133.6277553
44.1697553 12.862953 11.83336 0 4.3117 14.655736 14.8363153 14.8363153 70.3949553 97.3626553 133.6277553 133.6277553
44.1697553 12.862953 11.83336 4.3117 0 14.655736 14.8363153 14.8363153 70.3949553 97.3626553 133.6277553 133.6277553
44.1697593 14.655743 14.655736 14.655736 14.655736 0 14.8363193 14.8363193 70.3949593 97.3626593 133.6277593 133.6277593
44.16976 14.8363223 14.8363153 14.8363153 14.8363153 14.8363193 0 4.87056 70.39496 97.36266 133.62776 133.62776
44.16976 14.8363223 14.8363153 14.8363153 14.8363153 14.8363193 4.87056 0 70.39496 97.36266 133.62776 133.62776
70.395 70.3949623 70.3949553 70.3949553 70.3949553 70.3949593 70.39496 70.39496 0 97.3627 133.6278 133.6278
97.3627 97.3626623 97.3626553 97.3626553 97.3626553 97.3626593 97.36266 97.36266 97.3627 0 133.6279 133.6279
133.6278 133.6277623 133.6277553 133.6277553 133.6277553 133.6277593 133.62776 133.62776 133.6278 133.6279 0 15.3596
133.6278 133.6277623 133.6277553 133.6277553 133.6277553 133.6277593 133.62776 133.62776 133.6278 133.6279 15.3596 0
