0 27.065 55.83144 55.83144 55.83143 55.83143 55.83143 55.83143 55.83143 55.83144 61.33973 61.33973
27.065 0 55.83144 55.83144 55.83143 55.83143 55.83143 55.83143 55.83143 55.83144 61.33973 61.33973
55.83144 55.83144 0 2.17266 9.07499 25.74489 25.74489 25.74489 25.74489 40.4428 61.33977 61.33977
55.83144 55.83144 2.17266 0 9.07499 25.74489 25.74489 25.74489 25.74489 40.4428 61.33977 61.33977
55.83143 55.83143 9.07499 9.07499 0 25.74488 25.74488 25.74488 25.74488 40.44279 61.33976 61.33976
55.83143 55.83143 25.74489 25.74489 25.74488 0 4.75474 5.51516 18.59914 40.44279 61.33976 61.33976
55.83143 55.83143 25.74489 25.74489 25.74488 4.75474 0 5.51516 18.59914 40.44279 61.33976 61.33976
55.83143 55.83143 25.74489 25.74489 25.74488 5.51516 5.51516 0 18.59914 40.44279 61.33976 61.33976
55.83143 55.83143 25.74489 25.74489 25.74488 18.59914 18.59914 18.59914 0 40.44279 61.33976 61.33976
55.83144 55.83144 40.4428 40.4428 40.44279 40.44279 40.44279 40.44279 40.44279 0 61.33977 61.33977
61.33973 61.33973 61.33977 61.33977 61.33976 61.33976 61.33976 61.33976 61.33976 61.33977 0 54.7962
61.33973 61.33973 61.33977 61.33977 61.33976 61.33976 61.33976 61.33976 61.33976 61.33977 54.7962 0
