0 3.5231 25.23015 38.406568 38.406538 38.40654 38.40654 38.4065478 38.4065478 38.406548 38.406548 38.406548
3.5231 0 25.23015 38.406568 38.406538 38.40654 38.40654 38.4065478 38.4065478 38.406548 38.406548 38.406548
25.23015 25.23015 0 38.406618 38.406588 38.40659 38.40659 38.4065978 38.4065978 38.406598 38.406598 38.406598
38.406568 38.406568 38.406618 0 36.85037 36.850372 36.850372 36.8503798 36.8503798 36.85038 36.85038 36.85038
38.406538 38.406538 38.406588 36.85037 0 13.644062 13.644062 32.8625098 32.8625098 32.86251 32.86251 32.86251
38.40654 38.40654 38.40659 36.850372 13.644062 0 0.446704 32.8625118 32.8625118 32.862512 32.862512 32.862512
38.40654 38.40654 38.40659 36.850372 13.644062 0.446704 0 32.8625118 32.8625118 32.862512 32.862512 32.862512
38.4065478 38.4065478 38.4065978 36.8503798 32.8625098 32.8625118 32.8625118 0 0.1211796 3.2266998 9.5686598 14.4208998
38.4065478 38.4065478 38.4065978 36.8503798 32.8625098 32.8625118 32.8625118 0.1211796 0 3.2266998 9.5686598 14.4208998
38.406548 38.406548 38.406598 36.85038 32.86251 32.862512 32.862512 3.2266998 3.2266998 0 9.56866 14.4209
38.406548 38.406548 38.406598 36.85038 32.86251 32.862512 32.862512 9.5686598 9.5686598 9.56866 0 14.4209
38.406548 38.406548 38.406598 36.85038 32.86251 32.862512 32.862512 14.4208998 14.4208998 14.4209 14.4209 0
