0 26.4056 31.63282 75.65602 75.65602 103.703904 103.703904 103.703927 103.703927 103.703934 103.70392 103.70392
26.4056 0 31.63282 75.65602 75.65602 103.703904 103.703904 103.703927 103.703927 103.703934 103.70392 103.70392
31.63282 31.63282 0 75.656 75.656 103.703884 103.703884 103.703907 103.703907 103.703914 103.7039 103.7039
75.65602 75.65602 75.656 0 23.1604 103.703884 103.703884 103.703907 103.703907 103.703914 103.7039 103.7039
75.65602 75.65602 75.656 23.1604 0 103.703884 103.703884 103.703907 103.703907 103.703914 103.7039 103.7039
103.703904 103.703904 103.703884 103.703884 103.703884 0 5.0722 22.287463 22.287463 28.54917 30.240584 50.496584
103.703904 103.703904 103.703884 103.703884 103.703884 5.0722 0 22.287463 22.287463 28.54917 30.240584 50.496584
103.703927 103.703927 103.703907 103.703907 103.703907 22.287463 22.287463 0 1.118286 28.549193 30.240607 50.496607
103.703927 103.703927 103.703907 103.703907 103.703907 22.287463 22.287463 1.118286 0 28.549193 30.240607 50.496607
103.703934 103.703934 103.703914 103.703914 103.703914 28.54917 28.54917 28.549193 28.549193 0 30.240614 50.496614
103.70392 103.70392 103.7039 103.7039 103.7039 30.240584 30.240584 30.240607 30.240607 30.240614 0 50.4966
103.70392 103.70392 103.7039 103.7039 103.7039 50.496584 50.496584 50.496607 50.496607 50.496614 50.4966 0
