0 3.9495566 3.9495566 14.35308 153.84268 153.842718 153.842718 153.84268 153.84268 153.84274 153.8427 153.8427
3.9495566 0 0.0369732 14.3530766 153.8426766 153.8427146 153.8427146 153.8426766 153.8426766 153.8427366 153.8426966 153.8426966
3.9495566 0.0369732 0 14.3530766 153.8426766 153.8427146 153.8427146 153.8426766 153.8426766 153.8427366 153.8426966 153.8426966
14.35308 14.3530766 14.3530766 0 153.84268 153.842718 153.842718 153.84268 153.84268 153.84274 153.8427 153.8427
153.84268 153.8426766 153.8426766 153.84268 0 141.717838 141.717838 141.7178 141.7178 141.71786 141.71782 141.71782
153.842718 153.8427146 153.8427146 153.842718 141.717838 0 1.855216 20.967838 125.603838 125.603898 125.603858 125.603858
153.842718 153.8427146 153.8427146 153.842718 141.717838 1.855216 0 20.967838 125.603838 125.603898 125.603858 125.603858
153.84268 153.8426766 153.8426766 153.84268 141.7178 20.967838 20.967838 0 125.6038 125.60386 125.60382 125.60382
153.84268 153.8426766 153.8426766 153.84268 141.7178 125.603838 125.603838 125.6038 0 31.16566 31.16562 31.16562
153.84274 153.8427366 153.8427366 153.84274 141.71786 125.603898 125.603898 125.60386 31.16566 0 25.36816 25.36816
153.8427 153.8426966 153.8426966 153.8427 141.71782 125.603858 125.603858 125.60382 31.16562 25.36816 0 19.33234
153.8427 153.8426966 153.8426966 153.8427 141.71782 125.603858 125.603858 125.60382 31.16562 25.36816 19.33234 0
