0 11.48012 25.63556 25.635563 25.635563 25.63556 25.635556 25.635556 25.6355651 25.6355651 25.63556 25.63557
11.48012 0 25.63556 25.635563 25.635563 25.63556 25.635556 25.635556 25.6355651 25.6355651 25.63556 25.63557
25.63556 25.63556 0 3.875083 3.875083 6.75322 6.753216 6.753216 19.0024451 19.0024451 19.00244 19.00245
25.635563 25.635563 3.875083 0 2.60144 6.753223 6.753219 6.753219 19.0024481 19.0024481 19.002443 19.002453
25.635563 25.635563 3.875083 2.60144 0 6.753223 6.753219 6.753219 19.0024481 19.0024481 19.002443 19.002453
25.63556 25.63556 6.75322 6.753223 6.753223 0 2.136356 2.136356 19.0024451 19.0024451 19.00244 19.00245
25.635556 25.635556 6.753216 6.753219 6.753219 2.136356 0 0.405406 19.0024411 19.0024411 19.002436 19.002446
25.635556 25.635556 6.753216 6.753219 6.753219 2.136356 0.405406 0 19.0024411 19.0024411 19.002436 19.002446
25.6355651 25.6355651 19.0024451 19.0024481 19.0024481 19.0024451 19.0024411 19.0024411 0 3.4668 3.4953451 7.9256951
25.6355651 25.6355651 19.0024451 19.0024481 19.0024481 19.0024451 19.0024411 19.0024411 3.4668 0 3.4953451 7.9256951
25.63556 25.63556 19.00244 19.002443 19.002443 19.00244 19.002436 19.002436 3.4953451 3.4953451 0 7.92569
25.63557 25.63557 19.00245 19.002453 19.002453 19.00245 19.002446 19.002446 7.9256951 7.9256951 7.92569 0
