0 71.66801 71.66801 89.791262 89.791262 89.79125 89.79119 89.79119 121.63584 121.63584 121.6358201 121.6358201
71.66801 0 15.05302 89.791272 89.791272 89.79126 89.7912 89.7912 121.63585 121.63585 121.6358301 121.6358301
71.66801 15.05302 0 89.791272 89.791272 89.79126 89.7912 89.7912 121.63585 121.63585 121.6358301 121.6358301
89.791262 89.791272 89.791272 0 0.803464 70.777652 70.777592 70.777592 121.635902 121.635902 121.6358821 121.6358821
89.791262 89.791272 89.791272 0.803464 0 70.777652 70.777592 70.777592 121.635902 121.635902 121.6358821 121.6358821
89.79125 89.79126 89.79126 70.777652 70.777652 0 61.33634 61.33634 121.63589 121.63589 121.6358701 121.6358701
89.79119 89.7912 89.7912 70.777592 70.777592 61.33634 0 1.19248 121.63583 121.63583 121.6358101 121.6358101
89.79119 89.7912 89.7912 70.777592 70.777592 61.33634 1.19248 0 121.63583 121.63583 121.6358101 121.6358101
121.63584 121.63585 121.63585 121.635902 121.635902 121.63589 121.63583 121.63583 0 2.72908 31.5476601 31.5476601
121.63584 121.63585 121.63585 121.635902 121.635902 121.63589 121.63583 121.63583 2.72908 0 31.5476601 31.5476601
121.6358201 121.6358301 121.6358301 121.6358821 121.6358821 121.6358701 121.6358101 121.6358101 31.5476601 31.5476601 0 0.0298402
121.6358201 121.6358301 121.6358301 121.6358821 121.6358821 121.6358701 121.6358101 121.6358101 31.5476601 31.5476601 0.0298402 0
