0 98.91395 98.91395 98.91398 98.91388 98.91388 98.91398 98.91393 98.91393 98.91394 98.91393 98.91393
98.91395 0 17.10294 52.04557 70.40357 70.40357 70.40367 70.40362 70.40362 70.40363 94.13562 94.13562
98.91395 17.10294 0 52.04557 70.40357 70.40357 70.40367 70.40362 70.40362 70.40363 94.13562 94.13562
98.91398 52.04557 52.04557 0 70.4036 70.4036 70.4037 70.40365 70.40365 70.40366 94.13565 94.13565
98.91388 70.40357 70.40357 70.4036 0 26.86 66.2619 66.26185 66.26185 66.26186 94.13555 94.13555
98.91388 70.40357 70.40357 70.4036 26.86 0 66.2619 66.26185 66.26185 66.26186 94.13555 94.13555
98.91398 70.40367 70.40367 70.4037 66.2619 66.2619 0 35.64175 35.64175 35.64176 94.13565 94.13565
98.91393 70.40362 70.40362 70.40365 66.26185 66.26185 35.64175 0 15.48094 26.08319 94.1356 94.1356
98.91393 70.40362 70.40362 70.40365 66.26185 66.26185 35.64175 15.48094 0 26.08319 94.1356 94.1356
98.91394 70.40363 70.40363 70.40366 66.26186 66.26186 35.64176 26.08319 26.08319 0 94.13561 94.13561
98.91393 94.13562 94.13562 94.13565 94.13555 94.13555 94.13565 94.1356 94.1356 94.13561 0 35.7988
98.91393 94.13562 94.13562 94.13565 94.13555 94.13555 94.13565 94.1356 94.1356 94.13561 35.7988 0
