0 172.87874 172.87874 172.8787469 172.8787469 172.87874 212.438473 212.438473 212.438463 212.438413 212.438413 212.4385
172.87874 0 14.2147 31.9344869 31.9344869 31.93448 212.438413 212.438413 212.438403 212.438353 212.438353 212.43844
172.87874 14.2147 0 31.9344869 31.9344869 31.93448 212.438413 212.438413 212.438403 212.438353 212.438353 212.43844
172.8787469 31.9344869 31.9344869 0 0.1233338 16.9390269 212.4384199 212.4384199 212.4384099 212.4383599 212.4383599 212.4384469
172.8787469 31.9344869 31.9344869 0.1233338 0 16.9390269 212.4384199 212.4384199 212.4384099 212.4383599 212.4383599 212.4384469
172.87874 31.93448 31.93448 16.9390269 16.9390269 0 212.438413 212.438413 212.438403 212.438353 212.438353 212.43844
212.438473 212.438413 212.438413 212.4384199 212.4384199 212.438413 0 3.13724 8.71857 78.51592 78.51592 79.890573
212.438473 212.438413 212.438413 212.4384199 212.4384199 212.438413 3.13724 0 8.71857 78.51592 78.51592 79.890573
212.438463 212.438403 212.438403 212.4384099 212.4384099 212.438403 8.71857 8.71857 0 78.51591 78.51591 79.890563
212.438413 212.438353 212.438353 212.4383599 212.4383599 212.438353 78.51592 78.51592 78.51591 0 18.12306 79.890513
212.438413 212.438353 212.438353 212.4383599 212.4383599 212.438353 78.51592 78.51592 78.51591 18.12306 0 79.890513
212.4385 212.43844 212.43844 212.4384469 212.4384469 212.43844 79.890573 79.890573 79.890563 79.890513 79.890513 0
