0 60.1942 60.1942 60.194207 60.194207 60.19421 60.1941689 60.1941689 60.1942 60.1942 60.194208 60.194208
60.1942 0 36.8316 36.831607 36.831607 36.83161 36.8315689 36.8315689 36.8316 36.8316 36.831608 36.831608
60.1942 36.8316 0 5.100447 5.100447 9.64307 27.0671289 27.0671289 29.9768 29.9768 29.976808 29.976808
60.194207 36.831607 5.100447 0 1.594414 9.643077 27.0671359 27.0671359 29.976807 29.976807 29.976815 29.976815
60.194207 36.831607 5.100447 1.594414 0 9.643077 27.0671359 27.0671359 29.976807 29.976807 29.976815 29.976815
60.19421 36.83161 9.64307 9.643077 9.643077 0 27.0671389 27.0671389 29.97681 29.97681 29.976818 29.976818
60.1941689 36.8315689 27.0671289 27.0671359 27.0671359 27.0671389 0 0.1668978 29.9767689 29.9767689 29.9767769 29.9767769
60.1941689 36.8315689 27.0671289 27.0671359 27.0671359 27.0671389 0.1668978 0 29.9767689 29.9767689 29.9767769 29.9767769
60.1942 36.8316 29.9768 29.976807 29.976807 29.97681 29.9767689 29.9767689 0 12.73522 29.323808 29.323808
60.1942 36.8316 29.9768 29.976807 29.976807 29.97681 29.9767689 29.9767689 12.73522 0 29.323808 29.323808
60.194208 36.831608 29.976808 29.976815 29.976815 29.976818 29.9767769 29.9767769 29.323808 29.323808 0 1.997416
60.194208 36.831608 29.976808 29.976815 29.976815 29.976818 29.9767769 29.9767769 29.323808 29.323808 1.997416 0
