0 0.36066 9.55812 64.70808 64.70808 85.18733 85.18733 85.18733 85.18733 85.18732 85.18732 85.18732
0.36066 0 9.55812 64.70808 64.70808 85.18733 85.18733 85.18733 85.18733 85.18732 85.18732 85.18732
9.55812 9.55812 0 64.70808 64.70808 85.18733 85.18733 85.18733 85.18733 85.18732 85.18732 85.18732
64.70808 64.70808 64.70808 0 11.88204 85.18729 85.18729 85.18729 85.18729 85.18728 85.18728 85.18728
64.70808 64.70808 64.70808 11.88204 0 85.18729 85.18729 85.18729 85.18729 85.18728 85.18728 85.18728
85.18733 85.18733 85.18733 85.18729 85.18729 0 9.14422 41.12742 41.12742 66.11161 66.11161 66.11161
85.18733 85.18733 85.18733 85.18729 85.18729 9.14422 0 41.12742 41.12742 66.11161 66.11161 66.11161
85.18733 85.18733 85.18733 85.18729 85.18729 41.12742 41.12742 0 19.28422 66.11161 66.11161 66.11161
85.18733 85.18733 85.18733 85.18729 85.18729 41.12742 41.12742 19.28422 0 66.11161 66.11161 66.11161
85.18732 85.18732 85.18732 85.18728 85.18728 66.11161 66.11161 66.11161 66.11161 0 8.41588 23.039
85.18732 85.18732 85.18732 85.18728 85.18728 66.11161 66.11161 66.11161 66.11161 8.41588 0 23.039
85.18732 85.18732 85.18732 85.18728 85.18728 66.11161 66.11161 66.11161 66.11161 23.039 23.039 0
