0 3.7365 4.45406 46.95643 47.586916 47.586916 75.910544 75.910574 75.910574 75.910544 75.910598 75.910598
3.7365 0 4.45406 46.95643 47.586916 47.586916 75.910544 75.910574 75.910574 75.910544 75.910598 75.910598
4.45406 4.45406 0 46.95643 47.586916 47.586916 75.910544 75.910574 75.910574 75.910544 75.910598 75.910598
46.95643 46.95643 46.95643 0 47.586886 47.586886 75.910514 75.910544 75.910544 75.910514 75.910568 75.910568
47.586916 47.586916 47.586916 47.586886 0 1.795244 75.910472 75.910502 75.910502 75.910472 75.910526 75.910526
47.586916 47.586916 47.586916 47.586886 1.795244 0 75.910472 75.910502 75.910502 75.910472 75.910526 75.910526
75.910544 75.910544 75.910544 75.910514 75.910472 75.910472 0 40.65463 40.65463 42.5254 54.540754 54.540754
75.910574 75.910574 75.910574 75.910544 75.910502 75.910502 40.65463 0 19.72286 42.52543 54.540784 54.540784
75.910574 75.910574 75.910574 75.910544 75.910502 75.910502 40.65463 19.72286 0 42.52543 54.540784 54.540784
75.910544 75.910544 75.910544 75.910514 75.910472 75.910472 42.5254 42.52543 42.52543 0 54.540754 54.540754
75.910598 75.910598 75.910598 75.910568 75.910526 75.910526 54.540754 54.540784 54.540784 54.540754 0 53.9484
75.910598 75.910598 75.910598 75.910568 75.910526 75.910526 54.540754 54.540784 54.540784 54.540754 53.9484 0
