0 7.29067 7.290666 7.290666 10.79954 39.02476 39.02476 39.02476 39.02476 39.02476 43.00726 43.00726
7.29067 0 3.779776 3.779776 10.79955 39.02477 39.02477 39.02477 39.02477 39.02477 43.00727 43.00727
7.290666 3.779776 0 3.16712 10.799546 39.024766 39.024766 39.024766 39.024766 39.024766 43.007266 43.007266
7.290666 3.779776 3.16712 0 10.799546 39.024766 39.024766 39.024766 39.024766 39.024766 43.007266 43.007266
10.79954 10.79955 10.799546 10.799546 0 39.02476 39.02476 39.02476 39.02476 39.02476 43.00726 43.00726
39.02476 39.02477 39.024766 39.024766 39.02476 0 7.16342 33.77162 33.77162 33.77162 43.00728 43.00728
39.02476 39.02477 39.024766 39.024766 39.02476 7.16342 0 33.77162 33.77162 33.77162 43.00728 43.00728
39.02476 39.02477 39.024766 39.024766 39.02476 33.77162 33.77162 0 7.97732 11.00322 43.00728 43.00728
39.02476 39.02477 39.024766 39.024766 39.02476 33.77162 33.77162 7.97732 0 11.00322 43.00728 43.00728
39.02476 39.02477 39.024766 39.024766 39.02476 33.77162 33.77162 11.00322 11.00322 0 43.00728 43.00728
43.00726 43.00727 43.007266 43.007266 43.00726 43.00728 43.00728 43.00728 43.00728 43.00728 0 18.89808
43.00726 43.00727 43.007266 43.007266 43.00726 43.00728 43.00728 43.00728 43.00728 43.00728 18.89808 0
