0 72.22601 72.226005 72.226005 72.22605 72.226 101.8188 105.41666 105.41664 105.41664 105.41664 105.41664
72.22601 0 11.291215 11.291215 20.47156 33.42581 101.81881 105.41667 105.41665 105.41665 105.41665 105.41665
72.226005 11.291215 0 0.30661 20.471555 33.425805 101.818805 105.416665 105.416645 105.416645 105.416645 105.416645
72.226005 11.291215 0.30661 0 20.471555 33.425805 101.818805 105.416665 105.416645 105.416645 105.416645 105.416645
72.22605 20.47156 20.471555 20.471555 0 33.42585 101.81885 105.41671 105.41669 105.41669 105.41669 105.41669
72.226 33.42581 33.425805 33.425805 33.42585 0 101.8188 105.41666 105.41664 105.41664 105.41664 105.41664
101.8188 101.81881 101.818805 101.818805 101.81885 101.8188 0 105.41666 105.41664 105.41664 105.41664 105.41664
105.41666 105.41667 105.416665 105.416665 105.41671 105.41666 105.41666 0 25.04038 25.04038 47.55138 47.55138
105.41664 105.41665 105.416645 105.416645 105.41669 105.41664 105.41664 25.04038 0 8.4674 47.55136 47.55136
105.41664 105.41665 105.416645 105.416645 105.41669 105.41664 105.41664 25.04038 8.4674 0 47.55136 47.55136
105.41664 105.41665 105.416645 105.416645 105.41669 105.41664 105.41664 47.55138 47.55136 47.55136 0 3.14836
105.41664 105.41665 105.416645 105.416645 105.41669 105.41664 105.41664 47.55138 47.55136 47.55136 3.14836 0
