0 4.47892 7.446 7.445999 7.445999 70.244155 70.244154 70.244154 70.24415 103.5518 103.55182 103.55182
4.47892 0 7.446 7.445999 7.445999 70.244155 70.244154 70.244154 70.24415 103.5518 103.55182 103.55182
7.446 7.446 0 3.848319 3.848319 70.244155 70.244154 70.244154 70.24415 103.5518 103.55182 103.55182
7.445999 7.445999 3.848319 0 0.500978 70.244154 70.244153 70.244153 70.244149 103.551799 103.551819 103.551819
7.445999 7.445999 3.848319 0.500978 0 70.244154 70.244153 70.244153 70.244149 103.551799 103.551819 103.551819
70.244155 70.244155 70.244155 70.244154 70.244154 0 13.019079 13.019079 13.921305 103.551755 103.551775 103.551775
70.244154 70.244154 70.244154 70.244153 70.244153 13.019079 0 1.305998 13.921304 103.551754 103.551774 103.551774
70.244154 70.244154 70.244154 70.244153 70.244153 13.019079 1.305998 0 13.921304 103.551754 103.551774 103.551774
70.24415 70.24415 70.24415 70.244149 70.244149 13.921305 13.921304 13.921304 0 103.55175 103.55177 103.55177
103.5518 103.5518 103.5518 103.551799 103.551799 103.551755 103.551754 103.551754 103.55175 0 41.08802 41.08802
103.55182 103.55182 103.55182 103.551819 103.551819 103.551775 103.551774 103.551774 103.55177 41.08802 0 22.0626
103.55182 103.55182 103.55182 103.551819 103.551819 103.551775 103.551774 103.551774 103.55177 41.08802 22.0626 0
