0 49.35943 49.35943 57.81333 57.8133907 57.8133907 57.813391 57.813391 57.81339 57.81333 57.8133 57.8133
49.35943 0 12.15626 57.81336 57.8134207 57.8134207 57.813421 57.813421 57.81342 57.81336 57.81333 57.81333
49.35943 12.15626 0 57.81336 57.8134207 57.8134207 57.813421 57.813421 57.81342 57.81336 57.81333 57.81333
57.81333 57.81336 57.81336 0 54.9696607 54.9696607 54.969661 54.969661 54.96966 54.9696 54.96957 54.96957
57.8133907 57.8134207 57.8134207 54.9696607 0 0.1459194 5.1216997 13.2224997 13.9435007 38.9274407 38.9274107 38.9274107
57.8133907 57.8134207 57.8134207 54.9696607 0.1459194 0 5.1216997 13.2224997 13.9435007 38.9274407 38.9274107 38.9274107
57.813391 57.813421 57.813421 54.969661 5.1216997 5.1216997 0 13.2225 13.943501 38.927441 38.927411 38.927411
57.813391 57.813421 57.813421 54.969661 13.2224997 13.2224997 13.2225 0 13.943501 38.927441 38.927411 38.927411
57.81339 57.81342 57.81342 54.96966 13.9435007 13.9435007 13.943501 13.943501 0 38.92744 38.92741 38.92741
57.81333 57.81336 57.81336 54.9696 38.9274407 38.9274407 38.927441 38.927441 38.92744 0 31.57437 31.57437
57.8133 57.81333 57.81333 54.96957 38.9274107 38.9274107 38.927411 38.927411 38.92741 31.57437 0 20.2954
57.8133 57.81333 57.81333 54.96957 38.9274107 38.9274107 38.927411 38.927411 38.92741 31.57437 20.2954 0
