0 29.98478 29.98478 30.266591 30.266591 49.583804 159.919133 159.919133 159.919133 159.919132 159.919132 159.919132
29.98478 0 7.21516 30.266571 30.266571 49.583784 159.919113 159.919113 159.919113 159.919112 159.919112 159.919112
29.98478 7.21516 0 30.266571 30.266571 49.583784 159.919113 159.919113 159.919113 159.919112 159.919112 159.919112
30.266591 30.266571 30.266571 0 0.299774 49.583787 159.919116 159.919116 159.919116 159.919115 159.919115 159.919115
30.266591 30.266571 30.266571 0.299774 0 49.583787 159.919116 159.919116 159.919116 159.919115 159.919115 159.919115
49.583804 49.583784 49.583784 49.583787 49.583787 0 159.919129 159.919129 159.919129 159.919128 159.919128 159.919128
159.919133 159.919113 159.919113 159.919116 159.919116 159.919129 0 9.74696 9.74696 10.543057 10.543057 10.543057
159.919133 159.919113 159.919113 159.919116 159.919116 159.919129 9.74696 0 6.83462 10.543057 10.543057 10.543057
159.919133 159.919113 159.919113 159.919116 159.919116 159.919129 9.74696 6.83462 0 10.543057 10.543057 10.543057
159.919132 159.919112 159.919112 159.919115 159.919115 159.919128 10.543057 10.543057 10.543057 0 10.21854 10.21854
159.919132 159.919112 159.919112 159.919115 159.919115 159.919128 10.543057 10.543057 10.543057 10.21854 0 7.39638
159.919132 159.919112 159.919112 159.919115 159.919115 159.919128 10.543057 10.543057 10.543057 10.21854 7.39638 0
