0 1.363998 12.424739 12.424739 65.046139 65.046159 65.046159 65.046159 65.046169 86.912409 86.912409 104.758579
1.363998 0 12.424739 12.424739 65.046139 65.046159 65.046159 65.046159 65.046169 86.912409 86.912409 104.758579
12.424739 12.424739 0 4.15056 65.04614 65.04616 65.04616 65.04616 65.04617 86.91241 86.91241 104.75858
12.424739 12.424739 4.15056 0 65.04614 65.04616 65.04616 65.04616 65.04617 86.91241 86.91241 104.75858
65.046139 65.046139 65.04614 65.04614 0 56.05602 56.05602 56.05602 56.05603 86.91241 86.91241 104.75858
65.046159 65.046159 65.04616 65.04616 56.05602 0 19.36278 19.36278 42.57799 86.91243 86.91243 104.7586
65.046159 65.046159 65.04616 65.04616 56.05602 19.36278 0 16.5232 42.57799 86.91243 86.91243 104.7586
65.046159 65.046159 65.04616 65.04616 56.05602 19.36278 16.5232 0 42.57799 86.91243 86.91243 104.7586
65.046169 65.046169 65.04617 65.04617 56.05603 42.57799 42.57799 42.57799 0 86.91244 86.91244 104.75861
86.912409 86.912409 86.91241 86.91241 86.91241 86.91243 86.91243 86.91243 86.91244 0 3.59728 104.75865
86.912409 86.912409 86.91241 86.91241 86.91241 86.91243 86.91243 86.91243 86.91244 3.59728 0 104.75865
104.758579 104.758579 104.75858 104.75858 104.75858 104.7586 104.7586 104.7586 104.75861 104.75865 104.75865 0
