0 87.2322 87.232248 87.232248 87.2321986 87.2321986 87.232198 87.232239 87.232239 200.5914 200.59138 200.59138
87.2322 0 43.303448 43.303448 43.3033986 43.3033986 43.303398 43.303439 43.303439 200.5914 200.59138 200.59138
87.232248 43.303448 0 3.59174 31.2858906 31.2858906 31.28589 42.142891 42.142891 200.591448 200.591428 200.591428
87.232248 43.303448 3.59174 0 31.2858906 31.2858906 31.28589 42.142891 42.142891 200.591448 200.591428 200.591428
87.2321986 43.3033986 31.2858906 31.2858906 0 3.69992 3.8074406 42.1428416 42.1428416 200.5913986 200.5913786 200.5913786
87.2321986 43.3033986 31.2858906 31.2858906 3.69992 0 3.8074406 42.1428416 42.1428416 200.5913986 200.5913786 200.5913786
87.232198 43.303398 31.28589 31.28589 3.8074406 3.8074406 0 42.142841 42.142841 200.591398 200.591378 200.591378
87.232239 43.303439 42.142891 42.142891 42.1428416 42.1428416 42.142841 0 0.776082 200.591439 200.591419 200.591419
87.232239 43.303439 42.142891 42.142891 42.1428416 42.1428416 42.142841 0.776082 0 200.591439 200.591419 200.591419
200.5914 200.5914 200.591448 200.591448 200.5913986 200.5913986 200.591398 200.591439 200.591439 0 30.17638 30.17638
200.59138 200.59138 200.591428 200.591428 200.5913786 200.5913786 200.591378 200.591419 200.591419 30.17638 0 10.92428
200.59138 200.59138 200.591428 200.591428 200.5913786 200.5913786 200.591378 200.591419 200.591419 30.17638 10.92428 0
