0 28.8418 56.70876 56.70876 180.15209 180.152099 180.152099 180.152124 180.152124 180.1521 180.1521 183.51498
28.8418 0 56.70876 56.70876 180.15209 180.152099 180.152099 180.152124 180.152124 180.1521 180.1521 183.51498
56.70876 56.70876 0 9.25452 180.15205 180.152059 180.152059 180.152084 180.152084 180.15206 180.15206 183.51494
56.70876 56.70876 9.25452 0 180.15205 180.152059 180.152059 180.152084 180.152084 180.15206 180.15206 183.51494
180.15209 180.15209 180.15205 180.15205 0 42.303209 42.303209 53.532414 53.532414 113.02899 113.02899 183.51507
180.152099 180.152099 180.152059 180.152059 42.303209 0 41.3316 53.532423 53.532423 113.028999 113.028999 183.515079
180.152099 180.152099 180.152059 180.152059 42.303209 41.3316 0 53.532423 53.532423 113.028999 113.028999 183.515079
180.152124 180.152124 180.152084 180.152084 53.532414 53.532423 53.532423 0 0.250848 113.029024 113.029024 183.515104
180.152124 180.152124 180.152084 180.152084 53.532414 53.532423 53.532423 0.250848 0 113.029024 113.029024 183.515104
180.1521 180.1521 180.15206 180.15206 113.02899 113.028999 113.028999 113.029024 113.029024 0 28.5496 183.51508
180.1521 180.1521 180.15206 180.15206 113.02899 113.028999 113.028999 113.029024 113.029024 28.5496 0 183.51508
183.51498 183.51498 183.51494 183.51494 183.51507 183.515079 183.515079 183.515104 183.515104 183.51508 183.51508 0
