0 127.89601 127.89601 127.89605 127.89598 127.89598 127.895987 127.895986 127.895986 127.89598 127.89598034 127.89598034
127.89601 0 41.2784 47.33286 47.33279 47.33279 47.332797 47.332796 47.332796 47.33279 47.33279034 47.33279034
127.89601 41.2784 0 47.33286 47.33279 47.33279 47.332797 47.332796 47.332796 47.33279 47.33279034 47.33279034
127.89605 47.33286 47.33286 0 37.42073 37.42073 37.420737 37.420736 37.420736 37.42073 37.42073034 37.42073034
127.89598 47.33279 47.33279 37.42073 0 7.92056 13.966267 13.966266 13.966266 13.96626 13.96626034 13.96626034
127.89598 47.33279 47.33279 37.42073 7.92056 0 13.966267 13.966266 13.966266 13.96626 13.96626034 13.96626034
127.895987 47.332797 47.332797 37.420737 13.966267 13.966267 0 1.928833 1.928833 10.694327 10.69432734 10.69432734
127.895986 47.332796 47.332796 37.420736 13.966266 13.966266 1.928833 0 0.379342 10.694326 10.69432634 10.69432634
127.895986 47.332796 47.332796 37.420736 13.966266 13.966266 1.928833 0.379342 0 10.694326 10.69432634 10.69432634
127.89598 47.33279 47.33279 37.42073 13.96626 13.96626 10.694327 10.694326 10.694326 0 6.23614034 6.23614034
127.89598034 47.33279034 47.33279034 37.42073034 13.96626034 13.96626034 10.69432734 10.69432634 10.69432634 6.23614034 0 0.01768068
127.89598034 47.33279034 47.33279034 37.42073034 13.96626034 13.96626034 10.69432734 10.69432634 10.69432634 6.23614034 0.01768068 0
