0 51.0304 88.9989 137.43246 137.43246 163.9295 163.929534 163.929534 163.92954 163.9295 163.9295 163.9295
51.0304 0 88.9989 137.43246 137.43246 163.9295 163.929534 163.929534 163.92954 163.9295 163.9295 163.9295
88.9989 88.9989 0 137.43256 137.43256 163.9296 163.929634 163.929634 163.92964 163.9296 163.9296 163.9296
137.43246 137.43246 137.43256 0 16.85712 163.92956 163.929594 163.929594 163.9296 163.92956 163.92956 163.92956
137.43246 137.43246 137.43256 16.85712 0 163.92956 163.929594 163.929594 163.9296 163.92956 163.92956 163.92956
163.9295 163.9295 163.9296 163.92956 163.92956 0 100.215834 100.215834 100.21584 100.2158 100.2158 100.2158
163.929534 163.929534 163.929634 163.929594 163.929594 100.215834 0 0.362008 7.817114 26.258834 54.750034 54.750034
163.929534 163.929534 163.929634 163.929594 163.929594 100.215834 0.362008 0 7.817114 26.258834 54.750034 54.750034
163.92954 163.92954 163.92964 163.9296 163.9296 100.21584 7.817114 7.817114 0 26.25884 54.75004 54.75004
163.9295 163.9295 163.9296 163.92956 163.92956 100.2158 26.258834 26.258834 26.25884 0 54.75 54.75
163.9295 163.9295 163.9296 163.92956 163.92956 100.2158 54.750034 54.750034 54.75004 54.75 0 2.768
163.9295 163.9295 163.9296 163.92956 163.92956 100.2158 54.750034 54.750034 54.75004 54.75 2.768 0
