0 3.751273 3.751273 42.587636 42.587636 42.587637 42.587668 42.587668 42.587627 54.73089 54.7309 54.7309
3.751273 0 2.3362 42.587629 42.587629 42.58763 42.587661 42.587661 42.58762 54.730883 54.730893 54.730893
3.751273 2.3362 0 42.587629 42.587629 42.58763 42.587661 42.587661 42.58762 54.730883 54.730893 54.730893
42.587636 42.587629 42.587629 0 1.155052 35.263853 35.263884 35.263884 35.263843 54.730846 54.730856 54.730856
42.587636 42.587629 42.587629 1.155052 0 35.263853 35.263884 35.263884 35.263843 54.730846 54.730856 54.730856
42.587637 42.58763 42.58763 35.263853 35.263853 0 34.645031 34.645031 34.64499 54.730847 54.730857 54.730857
42.587668 42.587661 42.587661 35.263884 35.263884 34.645031 0 27.8606 28.063241 54.730878 54.730888 54.730888
42.587668 42.587661 42.587661 35.263884 35.263884 34.645031 27.8606 0 28.063241 54.730878 54.730888 54.730888
42.587627 42.58762 42.58762 35.263843 35.263843 34.64499 28.063241 28.063241 0 54.730837 54.730847 54.730847
54.73089 54.730883 54.730883 54.730846 54.730846 54.730847 54.730878 54.730878 54.730837 0 16.01661 16.01661
54.7309 54.730893 54.730893 54.730856 54.730856 54.730857 54.730888 54.730888 54.730847 16.01661 0 13.68764
54.7309 54.730893 54.730893 54.730856 54.730856 54.730857 54.730888 54.730888 54.730847 16.01661 13.68764 0
