0 7.5085 45.703308 45.703308 45.70331 69.27475 140.14136 140.14136 140.14136 140.14137 140.14135 144.88018
7.5085 0 45.703308 45.703308 45.70331 69.27475 140.14136 140.14136 140.14136 140.14137 140.14135 144.88018
45.703308 45.703308 0 1.269396 13.327718 69.274758 140.141368 140.141368 140.141368 140.141378 140.141358 144.880188
45.703308 45.703308 1.269396 0 13.327718 69.274758 140.141368 140.141368 140.141368 140.141378 140.141358 144.880188
45.70331 45.70331 13.327718 13.327718 0 69.27476 140.14137 140.14137 140.14137 140.14138 140.14136 144.88019
69.27475 69.27475 69.274758 69.274758 69.27476 0 140.14141 140.14141 140.14141 140.14142 140.1414 144.88023
140.14136 140.14136 140.141368 140.141368 140.14137 140.14141 0 8.51418 8.51418 58.09039 63.23841 144.88024
140.14136 140.14136 140.141368 140.141368 140.14137 140.14141 8.51418 0 4.1255 58.09039 63.23841 144.88024
140.14136 140.14136 140.141368 140.141368 140.14137 140.14141 8.51418 4.1255 0 58.09039 63.23841 144.88024
140.14137 140.14137 140.141378 140.141378 140.14138 140.14142 58.09039 58.09039 58.09039 0 63.23842 144.88025
140.14135 140.14135 140.141358 140.141358 140.14136 140.1414 63.23841 63.23841 63.23841 63.23842 0 144.88023
144.88018 144.88018 144.880188 144.880188 144.88019 144.88023 144.88024 144.88024 144.88024 144.88025 144.88023 0
