0 5.62326 46.02353 116.43939 116.43939 116.43943 131.44999 131.44999 131.45 131.45 131.44999 131.44996
5.62326 0 46.02353 116.43939 116.43939 116.43943 131.44999 131.44999 131.45 131.45 131.44999 131.44996
46.02353 46.02353 0 116.43946 116.43946 116.4395 131.45006 131.45006 131.45007 131.45007 131.45006 131.45003
116.43939 116.43939 116.43946 0 22.7946 40.82096 131.45012 131.45012 131.45013 131.45013 131.45012 131.45009
116.43939 116.43939 116.43946 22.7946 0 40.82096 131.45012 131.45012 131.45013 131.45013 131.45012 131.45009
116.43943 116.43943 116.4395 40.82096 40.82096 0 131.45016 131.45016 131.45017 131.45017 131.45016 131.45013
131.44999 131.44999 131.45006 131.45012 131.45012 131.45016 0 0.87442 21.70083 21.70083 21.70082 35.82643
131.44999 131.44999 131.45006 131.45012 131.45012 131.45016 0.87442 0 21.70083 21.70083 21.70082 35.82643
131.45 131.45 131.45007 131.45013 131.45013 131.45017 21.70083 21.70083 0 14.56974 18.44867 35.82644
131.45 131.45 131.45007 131.45013 131.45013 131.45017 21.70083 21.70083 14.56974 0 18.44867 35.82644
131.44999 131.44999 131.45006 131.45012 131.45012 131.45016 21.70082 21.70082 18.44867 18.44867 0 35.82643
131.44996 131.44996 131.45003 131.45009 131.45009 131.45013 35.82643 35.82643 35.82644 35.82644 35.82643 0
