0 3.4392 54.18489 54.18489 54.184849 54.184849 54.18485 54.18482 54.18482 73.98521 73.98521 73.98521
3.4392 0 54.18489 54.18489 54.184849 54.184849 54.18485 54.18482 54.18482 73.98521 73.98521 73.98521
54.18489 54.18489 0 16.95442 42.441379 42.441379 42.44138 42.44135 42.44135 73.9853 73.9853 73.9853
54.18489 54.18489 16.95442 0 42.441379 42.441379 42.44138 42.44135 42.44135 73.9853 73.9853 73.9853
54.184849 54.184849 42.441379 42.441379 0 0.821798 25.350799 36.903089 36.903089 73.985259 73.985259 73.985259
54.184849 54.184849 42.441379 42.441379 0.821798 0 25.350799 36.903089 36.903089 73.985259 73.985259 73.985259
54.18485 54.18485 42.44138 42.44138 25.350799 25.350799 0 36.90309 36.90309 73.98526 73.98526 73.98526
54.18482 54.18482 42.44135 42.44135 36.903089 36.903089 36.90309 0 4.24486 73.98523 73.98523 73.98523
54.18482 54.18482 42.44135 42.44135 36.903089 36.903089 36.90309 4.24486 0 73.98523 73.98523 73.98523
73.98521 73.98521 73.9853 73.9853 73.985259 73.985259 73.98526 73.98523 73.98523 0 46.7574 65.4866
73.98521 73.98521 73.9853 73.9853 73.985259 73.985259 73.98526 73.98523 73.98523 46.7574 0 65.4866
73.98521 73.98521 73.9853 73.9853 73.985259 73.985259 73.98526 73.98523 73.98523 65.4866 65.4866 0
