0 20.67278 20.672781 20.672781 20.67278 55.79842 55.79842 71.46705 71.46705 71.46707 71.46707 71.46707
20.67278 0 11.045801 11.045801 11.0458 55.7984 55.7984 71.46703 71.46703 71.46705 71.46705 71.46705
20.672781 11.045801 0 0.886268 1.855381 55.798401 55.798401 71.467031 71.467031 71.467051 71.467051 71.467051
20.672781 11.045801 0.886268 0 1.855381 55.798401 55.798401 71.467031 71.467031 71.467051 71.467051 71.467051
20.67278 11.0458 1.855381 1.855381 0 55.7984 55.7984 71.46703 71.46703 71.46705 71.46705 71.46705
55.79842 55.7984 55.798401 55.798401 55.7984 0 3.75244 71.46707 71.46707 71.46709 71.46709 71.46709
55.79842 55.7984 55.798401 55.798401 55.7984 3.75244 0 71.46707 71.46707 71.46709 71.46709 71.46709
71.46705 71.46703 71.467031 71.467031 71.46703 71.46707 71.46707 0 10.93758 62.847 62.847 62.847
71.46705 71.46703 71.467031 71.467031 71.46703 71.46707 71.46707 10.93758 0 62.847 62.847 62.847
71.46707 71.46705 71.467051 71.467051 71.46705 71.46709 71.46709 62.847 62.847 0 17.77382 17.77382
71.46707 71.46705 71.467051 71.467051 71.46705 71.46709 71.46709 62.847 62.847 17.77382 0 6.64266
71.46707 71.46705 71.467051 71.467051 71.46705 71.46709 71.46709 62.847 62.847 17.77382 6.64266 0
