0 7.433965 7.433965 57.35001 57.35001 57.350019 57.350019 57.35002 179.277748 179.277748 179.27777 179.27777
7.433965 0 0.60287 57.350015 57.350015 57.350024 57.350024 57.350025 179.277753 179.277753 179.277775 179.277775
7.433965 0.60287 0 57.350015 57.350015 57.350024 57.350024 57.350025 179.277753 179.277753 179.277775 179.277775
57.35001 57.350015 57.350015 0 19.09128 51.641289 51.641289 51.64129 179.277798 179.277798 179.27782 179.27782
57.35001 57.350015 57.350015 19.09128 0 51.641289 51.641289 51.64129 179.277798 179.277798 179.27782 179.27782
57.350019 57.350024 57.350024 51.641289 51.641289 0 1.241938 3.992299 179.277807 179.277807 179.277829 179.277829
57.350019 57.350024 57.350024 51.641289 51.641289 1.241938 0 3.992299 179.277807 179.277807 179.277829 179.277829
57.35002 57.350025 57.350025 51.64129 51.64129 3.992299 3.992299 0 179.277808 179.277808 179.27783 179.27783
179.277748 179.277753 179.277753 179.277798 179.277798 179.277807 179.277807 179.277808 0 1.764336 94.052958 94.052958
179.277748 179.277753 179.277753 179.277798 179.277798 179.277807 179.277807 179.277808 1.764336 0 94.052958 94.052958
179.27777 179.277775 179.277775 179.27782 179.27782 179.277829 179.277829 179.27783 94.052958 94.052958 0 4.32678
179.27777 179.277775 179.277775 179.27782 179.27782 179.277829 179.277829 179.27783 94.052958 94.052958 4.32678 0
