0 70.68641 70.68641 70.68641 70.686458 70.686408 70.686408 83.27702 83.27705 83.27705 83.277 89.73661
70.68641 0 59.5542 59.5542 59.554248 59.554198 59.554198 83.27703 83.27706 83.27706 83.27701 89.73662
70.68641 59.5542 0 17.25034 33.114648 33.114598 33.114598 83.27703 83.27706 83.27706 83.27701 89.73662
70.68641 59.5542 17.25034 0 33.114648 33.114598 33.114598 83.27703 83.27706 83.27706 83.27701 89.73662
70.686458 59.554248 33.114648 33.114648 0 31.26875 31.26875 83.277078 83.277108 83.277108 83.277058 89.736668
70.686408 59.554198 33.114598 33.114598 31.26875 0 18.86052 83.277028 83.277058 83.277058 83.277008 89.736618
70.686408 59.554198 33.114598 33.114598 31.26875 18.86052 0 83.277028 83.277058 83.277058 83.277008 89.736618
83.27702 83.27703 83.27703 83.27703 83.277078 83.277028 83.277028 0 24.21243 24.21243 43.87042 89.73663
83.27705 83.27706 83.27706 83.27706 83.277108 83.277058 83.277058 24.21243 0 5.8042 43.87045 89.73666
83.27705 83.27706 83.27706 83.27706 83.277108 83.277058 83.277058 24.21243 5.8042 0 43.87045 89.73666
83.277 83.27701 83.27701 83.27701 83.277058 83.277008 83.277008 43.87042 43.87045 43.87045 0 89.73661
89.73661 89.73662 89.73662 89.73662 89.736668 89.736618 89.736618 89.73663 89.73666 89.73666 89.73661 0
