0 52.88743 52.88743 52.88738 52.88738 52.88735 52.88743 52.88743 52.88742 52.887425 52.887425 52.88742
52.88743 0 7.07232 33.78167 33.78167 38.75348 48.0766 48.0766 48.07659 48.076595 48.076595 48.07659
52.88743 7.07232 0 33.78167 33.78167 38.75348 48.0766 48.0766 48.07659 48.076595 48.076595 48.07659
52.88738 33.78167 33.78167 0 15.15072 38.75343 48.07655 48.07655 48.07654 48.076545 48.076545 48.07654
52.88738 33.78167 33.78167 15.15072 0 38.75343 48.07655 48.07655 48.07654 48.076545 48.076545 48.07654
52.88735 38.75348 38.75348 38.75343 38.75343 0 48.07652 48.07652 48.07651 48.076515 48.076515 48.07651
52.88743 48.0766 48.0766 48.07655 48.07655 48.07652 0 2.75456 8.31681 8.316815 8.316815 33.96641
52.88743 48.0766 48.0766 48.07655 48.07655 48.07652 2.75456 0 8.31681 8.316815 8.316815 33.96641
52.88742 48.07659 48.07659 48.07654 48.07654 48.07651 8.31681 8.31681 0 5.355885 5.355885 33.9664
52.887425 48.076595 48.076595 48.076545 48.076545 48.076515 8.316815 8.316815 5.355885 0 1.55555 33.966405
52.887425 48.076595 48.076595 48.076545 48.076545 48.076515 8.316815 8.316815 5.355885 1.55555 0 33.966405
52.88742 48.07659 48.07659 48.07654 48.07654 48.07651 33.96641 33.96641 33.9664 33.966405 33.966405 0
