0 6.28792 99.86806 99.86806 99.86806 101.284438 101.31289092 101.31289092 101.3128866 101.3128866 101.3128966 101.3128966
6.28792 0 99.86806 99.86806 99.86806 101.284438 101.31289092 101.31289092 101.3128866 101.3128866 101.3128966 101.3128966
99.86806 99.86806 0 4.5718 46.3104 101.284378 101.31283092 101.31283092 101.3128266 101.3128266 101.3128366 101.3128366
99.86806 99.86806 4.5718 0 46.3104 101.284378 101.31283092 101.31283092 101.3128266 101.3128266 101.3128366 101.3128366
99.86806 99.86806 46.3104 46.3104 0 101.284378 101.31283092 101.31283092 101.3128266 101.3128266 101.3128366 101.3128366
101.284438 101.284438 101.284378 101.284378 101.284378 0 101.31285292 101.31285292 101.3128486 101.3128486 101.3128586 101.3128586
101.31289092 101.31289092 101.31283092 101.31283092 101.31283092 101.31285292 0 0.01178864 5.72526432 8.52750432 17.84511432 17.84511432
101.31289092 101.31289092 101.31283092 101.31283092 101.31283092 101.31285292 0.01178864 0 5.72526432 8.52750432 17.84511432 17.84511432
101.3128866 101.3128866 101.3128266 101.3128266 101.3128266 101.3128486 5.72526432 5.72526432 0 8.5275 17.84511 17.84511
101.3128866 101.3128866 101.3128266 101.3128266 101.3128266 101.3128486 8.52750432 8.52750432 8.5275 0 17.84511 17.84511
101.3128966 101.3128966 101.3128366 101.3128366 101.3128366 101.3128586 17.84511432 17.84511432 17.84511 17.84511 0 2.23144
101.3128966 101.3128966 101.3128366 101.3128366 101.3128366 101.3128586 17.84511432 17.84511432 17.84511 17.84511 2.23144 0
