0 10.0145 48.88725 48.88725 97.856429 97.856429 97.85645 138.26937 138.26944 138.26944 138.26946 138.26946
10.0145 0 48.88725 48.88725 97.856429 97.856429 97.85645 138.26937 138.26944 138.26944 138.26946 138.26946
48.88725 48.88725 0 11.2474 97.856379 97.856379 97.8564 138.26932 138.26939 138.26939 138.26941 138.26941
48.88725 48.88725 11.2474 0 97.856379 97.856379 97.8564 138.26932 138.26939 138.26939 138.26941 138.26941
97.856429 97.856429 97.856379 97.856379 0 0.283358 47.768779 138.269299 138.269369 138.269369 138.269389 138.269389
97.856429 97.856429 97.856379 97.856379 0.283358 0 47.768779 138.269299 138.269369 138.269369 138.269389 138.269389
97.85645 97.85645 97.8564 97.8564 47.768779 47.768779 0 138.26932 138.26939 138.26939 138.26941 138.26941
138.26937 138.26937 138.26932 138.26932 138.269299 138.269299 138.26932 0 135.65627 135.65627 135.65629 135.65629
138.26944 138.26944 138.26939 138.26939 138.269369 138.269369 138.26939 135.65627 0 16.42094 49.12596 49.12596
138.26944 138.26944 138.26939 138.26939 138.269369 138.269369 138.26939 135.65627 16.42094 0 49.12596 49.12596
138.26946 138.26946 138.26941 138.26941 138.269389 138.269389 138.26941 135.65629 49.12596 49.12596 0 33.719
138.26946 138.26946 138.26941 138.26941 138.269389 138.269389 138.26941 135.65629 49.12596 49.12596 33.719 0
