0 56.40666 56.40666 56.40666 56.40669 56.40669 66.25852 66.25852 110.97357 110.97357 143.93492 143.93492
56.40666 0 19.40804 19.40804 40.56907 40.56907 66.25858 66.25858 110.97363 110.97363 143.93498 143.93498
56.40666 19.40804 0 5.54444 40.56907 40.56907 66.25858 66.25858 110.97363 110.97363 143.93498 143.93498
56.40666 19.40804 5.54444 0 40.56907 40.56907 66.25858 66.25858 110.97363 110.97363 143.93498 143.93498
56.40669 40.56907 40.56907 40.56907 0 6.0461 66.25861 66.25861 110.97366 110.97366 143.93501 143.93501
56.40669 40.56907 40.56907 40.56907 6.0461 0 66.25861 66.25861 110.97366 110.97366 143.93501 143.93501
66.25852 66.25858 66.25858 66.25858 66.25861 66.25861 0 18.81432 110.97357 110.97357 143.93492 143.93492
66.25852 66.25858 66.25858 66.25858 66.25861 66.25861 18.81432 0 110.97357 110.97357 143.93492 143.93492
110.97357 110.97363 110.97363 110.97363 110.97366 110.97366 110.97357 110.97357 0 16.80682 143.93497 143.93497
110.97357 110.97363 110.97363 110.97363 110.97366 110.97366 110.97357 110.97357 16.80682 0 143.93497 143.93497
143.93492 143.93498 143.93498 143.93498 143.93501 143.93501 143.93492 143.93492 143.93497 143.93497 0 10.99292
143.93492 143.93498 143.93498 143.93498 143.93501 143.93501 143.93492 143.93492 143.93497 143.93497 10.99292 0
