0 39.1962 39.748104 39.748104 39.7481 39.748106 39.748106 39.748098 39.748098 39.748102 39.748101 39.748101
39.1962 0 39.748104 39.748104 39.7481 39.748106 39.748106 39.748098 39.748098 39.748102 39.748101 39.748101
39.748104 39.748104 0 1.375888 4.545064 16.29747 16.29747 16.297462 16.297462 16.297466 16.297465 16.297465
39.748104 39.748104 1.375888 0 4.545064 16.29747 16.29747 16.297462 16.297462 16.297466 16.297465 16.297465
39.7481 39.7481 4.545064 4.545064 0 16.297466 16.297466 16.297458 16.297458 16.297462 16.297461 16.297461
39.748106 39.748106 16.29747 16.29747 16.297466 0 0.619196 4.461728 11.309828 15.546792 15.546791 15.546791
39.748106 39.748106 16.29747 16.29747 16.297466 0.619196 0 4.461728 11.309828 15.546792 15.546791 15.546791
39.748098 39.748098 16.297462 16.297462 16.297458 4.461728 4.461728 0 11.30982 15.546784 15.546783 15.546783
39.748098 39.748098 16.297462 16.297462 16.297458 11.309828 11.309828 11.30982 0 15.546784 15.546783 15.546783
39.748102 39.748102 16.297466 16.297466 16.297462 15.546792 15.546792 15.546784 15.546784 0 13.687519 13.687519
39.748101 39.748101 16.297465 16.297465 16.297461 15.546791 15.546791 15.546783 15.546783 13.687519 0 12.07722
39.748101 39.748101 16.297465 16.297465 16.297461 15.546791 15.546791 15.546783 15.546783 13.687519 12.07722 0
