0 5.662635 5.662635 19.24552 47.45966 89.64001 89.64001 89.64001 89.640103 89.640103 89.640106 89.640106
5.662635 0 0.21073 19.245515 47.459655 89.640005 89.640005 89.640005 89.640098 89.640098 89.640101 89.640101
5.662635 0.21073 0 19.245515 47.459655 89.640005 89.640005 89.640005 89.640098 89.640098 89.640101 89.640101
19.24552 19.245515 19.245515 0 47.45966 89.64001 89.64001 89.64001 89.640103 89.640103 89.640106 89.640106
47.45966 47.459655 47.459655 47.45966 0 89.63995 89.63995 89.63995 89.640043 89.640043 89.640046 89.640046
89.64001 89.640005 89.640005 89.64001 89.63995 0 79.3544 79.3544 79.354493 79.354493 79.354496 79.354496
89.64001 89.640005 89.640005 89.64001 89.63995 79.3544 0 10.801 47.296893 47.296893 47.296896 47.296896
89.64001 89.640005 89.640005 89.64001 89.63995 79.3544 10.801 0 47.296893 47.296893 47.296896 47.296896
89.640103 89.640098 89.640098 89.640103 89.640043 79.354493 47.296893 47.296893 0 1.780046 16.977589 16.977589
89.640103 89.640098 89.640098 89.640103 89.640043 79.354493 47.296893 47.296893 1.780046 0 16.977589 16.977589
89.640106 89.640101 89.640101 89.640106 89.640046 79.354496 47.296896 47.296896 16.977589 16.977589 0 15.11896
89.640106 89.640101 89.640101 89.640106 89.640046 79.354496 47.296896 47.296896 16.977589 16.977589 15.11896 0
