0 29.9924 29.9924 29.99244 29.99244 46.241432 46.241432 46.2414307 46.2414307 46.241431 46.241432 46.241432
29.9924 0 19.61256 28.80674 28.80674 46.241432 46.241432 46.2414307 46.2414307 46.241431 46.241432 46.241432
29.9924 19.61256 0 28.80674 28.80674 46.241432 46.241432 46.2414307 46.2414307 46.241431 46.241432 46.241432
29.99244 28.80674 28.80674 0 7.94298 46.241472 46.241472 46.2414707 46.2414707 46.241471 46.241472 46.241472
29.99244 28.80674 28.80674 7.94298 0 46.241472 46.241472 46.2414707 46.2414707 46.241471 46.241472 46.241472
46.241432 46.241432 46.241432 46.241472 46.241472 0 17.93318 44.3243787 44.3243787 44.324379 44.32438 44.32438
46.241432 46.241432 46.241432 46.241472 46.241472 17.93318 0 44.3243787 44.3243787 44.324379 44.32438 44.32438
46.2414307 46.2414307 46.2414307 46.2414707 46.2414707 44.3243787 44.3243787 0 0.0528854 1.4310777 16.0847787 16.0847787
46.2414307 46.2414307 46.2414307 46.2414707 46.2414707 44.3243787 44.3243787 0.0528854 0 1.4310777 16.0847787 16.0847787
46.241431 46.241431 46.241431 46.241471 46.241471 44.324379 44.324379 1.4310777 1.4310777 0 16.084779 16.084779
46.241432 46.241432 46.241432 46.241472 46.241472 44.32438 44.32438 16.0847787 16.0847787 16.084779 0 11.03032
46.241432 46.241432 46.241432 46.241472 46.241472 44.32438 44.32438 16.0847787 16.0847787 16.084779 11.03032 0
