0 5.77994 82.963884 82.963884 98.39202 98.39202 98.39196 98.391968 98.391968 98.39192 111.18998 111.18998
5.77994 0 82.963884 82.963884 98.39202 98.39202 98.39196 98.391968 98.391968 98.39192 111.18998 111.18998
82.963884 82.963884 0 0.418428 98.391964 98.391964 98.391904 98.391912 98.391912 98.391864 111.189924 111.189924
82.963884 82.963884 0.418428 0 98.391964 98.391964 98.391904 98.391912 98.391912 98.391864 111.189924 111.189924
98.39202 98.39202 98.391964 98.391964 0 59.6658 59.66574 59.665748 59.665748 83.0271 111.19006 111.19006
98.39202 98.39202 98.391964 98.391964 59.6658 0 29.96914 29.969148 29.969148 83.0271 111.19006 111.19006
98.39196 98.39196 98.391904 98.391904 59.66574 29.96914 0 9.294488 9.294488 83.02704 111.19 111.19
98.391968 98.391968 98.391912 98.391912 59.665748 29.969148 9.294488 0 1.022516 83.027048 111.190008 111.190008
98.391968 98.391968 98.391912 98.391912 59.665748 29.969148 9.294488 1.022516 0 83.027048 111.190008 111.190008
98.39192 98.39192 98.391864 98.391864 83.0271 83.0271 83.02704 83.027048 83.027048 0 111.18996 111.18996
111.18998 111.18998 111.189924 111.189924 111.19006 111.19006 111.19 111.190008 111.190008 111.18996 0 9.06394
111.18998 111.18998 111.189924 111.189924 111.19006 111.19006 111.19 111.190008 111.190008 111.18996 9.06394 0
