0 10.4387 17.869384 17.869384 37.563744 37.563744 37.56374 59.68836 129.96656 129.96655 129.96655 129.96655
10.4387 0 17.869384 17.869384 37.563744 37.563744 37.56374 59.68836 129.96656 129.96655 129.96655 129.96655
17.869384 17.869384 0 0.930028 37.563748 37.563748 37.563744 59.688364 129.966564 129.966554 129.966554 129.966554
17.869384 17.869384 0.930028 0 37.563748 37.563748 37.563744 59.688364 129.966564 129.966554 129.966554 129.966554
37.563744 37.563744 37.563748 37.563748 0 0.935848 3.115364 59.688384 129.966584 129.966574 129.966574 129.966574
37.563744 37.563744 37.563748 37.563748 0.935848 0 3.115364 59.688384 129.966584 129.966574 129.966574 129.966574
37.56374 37.56374 37.563744 37.563744 3.115364 3.115364 0 59.68838 129.96658 129.96657 129.96657 129.96657
59.68836 59.68836 59.688364 59.688364 59.688384 59.688384 59.68838 0 129.9666 129.96659 129.96659 129.96659
129.96656 129.96656 129.966564 129.966564 129.966584 129.966584 129.96658 129.9666 0 20.73059 20.73059 20.73059
129.96655 129.96655 129.966554 129.966554 129.966574 129.966574 129.96657 129.96659 20.73059 0 7.08292 14.73658
129.96655 129.96655 129.966554 129.966554 129.966574 129.966574 129.96657 129.96659 20.73059 7.08292 0 14.73658
129.96655 129.96655 129.966554 129.966554 129.966574 129.966574 129.96657 129.96659 20.73059 14.73658 14.73658 0
