0 0.0360164 2.4900982 3.2838622 51.4028322 51.4028322 92.9719822 92.9719822 92.9719922 92.9719922 92.9720342 92.9720342
0.0360164 0 2.4900982 3.2838622 51.4028322 51.4028322 92.9719822 92.9719822 92.9719922 92.9719922 92.9720342 92.9720342
2.4900982 2.4900982 0 3.283864 51.402834 51.402834 92.971984 92.971984 92.971994 92.971994 92.972036 92.972036
3.2838622 3.2838622 3.283864 0 51.40283 51.40283 92.97198 92.97198 92.97199 92.97199 92.972032 92.972032
51.4028322 51.4028322 51.402834 51.40283 0 29.9716 92.97195 92.97195 92.97196 92.97196 92.972002 92.972002
51.4028322 51.4028322 51.402834 51.40283 29.9716 0 92.97195 92.97195 92.97196 92.97196 92.972002 92.972002
92.9719822 92.9719822 92.971984 92.97198 92.97195 92.97195 0 10.05718 42.41139 58.02891 58.028952 58.028952
92.9719822 92.9719822 92.971984 92.97198 92.97195 92.97195 10.05718 0 42.41139 58.02891 58.028952 58.028952
92.9719922 92.9719922 92.971994 92.97199 92.97196 92.97196 42.41139 42.41139 0 58.02892 58.028962 58.028962
92.9719922 92.9719922 92.971994 92.97199 92.97196 92.97196 58.02891 58.02891 58.02892 0 39.341042 39.341042
92.9720342 92.9720342 92.972036 92.972032 92.972002 92.972002 58.028952 58.028952 58.028962 39.341042 0 0.993884
92.9720342 92.9720342 92.972036 92.972032 92.972002 92.972002 58.028952 58.028952 58.028962 39.341042 0.993884 0
