0 49.04152 49.04152 95.99758 95.99758 95.99757 149.8642 149.8642 153.12529 153.12532 153.12532 153.12534
49.04152 0 5.43404 95.9975 95.9975 95.99749 149.86412 149.86412 153.12521 153.12524 153.12524 153.12526
49.04152 5.43404 0 95.9975 95.9975 95.99749 149.86412 149.86412 153.12521 153.12524 153.12524 153.12526
95.99758 95.9975 95.9975 0 12.61074 15.58515 149.86418 149.86418 153.12527 153.1253 153.1253 153.12532
95.99758 95.9975 95.9975 12.61074 0 15.58515 149.86418 149.86418 153.12527 153.1253 153.1253 153.12532
95.99757 95.99749 95.99749 15.58515 15.58515 0 149.86417 149.86417 153.12526 153.12529 153.12529 153.12531
149.8642 149.86412 149.86412 149.86418 149.86418 149.86417 0 33.542 153.12529 153.12532 153.12532 153.12534
149.8642 149.86412 149.86412 149.86418 149.86418 149.86417 33.542 0 153.12529 153.12532 153.12532 153.12534
153.12529 153.12521 153.12521 153.12527 153.12527 153.12526 153.12529 153.12529 0 37.45943 37.45943 43.76735
153.12532 153.12524 153.12524 153.1253 153.1253 153.12529 153.12532 153.12532 37.45943 0 23.8846 43.76738
153.12532 153.12524 153.12524 153.1253 153.1253 153.12529 153.12532 153.12532 37.45943 23.8846 0 43.76738
153.12534 153.12526 153.12526 153.12532 153.12532 153.12531 153.12534 153.12534 43.76735 43.76738 43.76738 0
