0 60.75338 60.7533 60.753341 60.753341 60.75334 60.75334 60.75336 60.75336 60.75336 60.75331 60.75331
60.75338 0 27.85932 27.859361 27.859361 27.85936 27.85936 37.61354 37.61354 37.61354 37.61349 37.61349
60.7533 27.85932 0 21.198241 21.198241 21.19824 21.19824 37.61346 37.61346 37.61346 37.61341 37.61341
60.753341 27.859361 21.198241 0 1.298742 11.432021 17.259681 37.613501 37.613501 37.613501 37.613451 37.613451
60.753341 27.859361 21.198241 1.298742 0 11.432021 17.259681 37.613501 37.613501 37.613501 37.613451 37.613451
60.75334 27.85936 21.19824 11.432021 11.432021 0 17.25968 37.6135 37.6135 37.6135 37.61345 37.61345
60.75334 27.85936 21.19824 17.259681 17.259681 17.25968 0 37.6135 37.6135 37.6135 37.61345 37.61345
60.75336 37.61354 37.61346 37.613501 37.613501 37.6135 37.6135 0 4.38332 4.38332 33.32707 33.32707
60.75336 37.61354 37.61346 37.613501 37.613501 37.6135 37.6135 4.38332 0 0.79048 33.32707 33.32707
60.75336 37.61354 37.61346 37.613501 37.613501 37.6135 37.6135 4.38332 0.79048 0 33.32707 33.32707
60.75331 37.61349 37.61341 37.613451 37.613451 37.61345 37.61345 33.32707 33.32707 33.32707 0 2.63702
60.75331 37.61349 37.61341 37.613451 37.613451 37.61345 37.61345 33.32707 33.32707 33.32707 2.63702 0
