0 11.9695 68.29873 68.29873 85.5579 85.5579 85.55791 85.55791 85.557893 85.557893 85.5578933 85.5578933
11.9695 0 68.29873 68.29873 85.5579 85.5579 85.55791 85.55791 85.557893 85.557893 85.5578933 85.5578933
68.29873 68.29873 0 5.32536 85.55793 85.55793 85.55794 85.55794 85.557923 85.557923 85.5579233 85.5579233
68.29873 68.29873 5.32536 0 85.55793 85.55793 85.55794 85.55794 85.557923 85.557923 85.5579233 85.5579233
85.5579 85.5579 85.55793 85.55793 0 12.82872 16.45977 16.45977 37.697553 37.697553 37.6975533 37.6975533
85.5579 85.5579 85.55793 85.55793 12.82872 0 16.45977 16.45977 37.697553 37.697553 37.6975533 37.6975533
85.55791 85.55791 85.55794 85.55794 16.45977 16.45977 0 4.18368 37.697563 37.697563 37.6975633 37.6975633
85.55791 85.55791 85.55794 85.55794 16.45977 16.45977 4.18368 0 37.697563 37.697563 37.6975633 37.6975633
85.557893 85.557893 85.557923 85.557923 37.697553 37.697553 37.697563 37.697563 0 1.375666 1.6205463 1.6205463
85.557893 85.557893 85.557923 85.557923 37.697553 37.697553 37.697563 37.697563 1.375666 0 1.6205463 1.6205463
85.5578933 85.5578933 85.5579233 85.5579233 37.6975533 37.6975533 37.6975633 37.6975633 1.6205463 1.6205463 0 0.1900926
85.5578933 85.5578933 85.5579233 85.5579233 37.6975533 37.6975533 37.6975633 37.6975633 1.6205463 1.6205463 0.1900926 0
