0 4.68444 4.684442 4.684442 17.253399 17.253399 23.91241 32.25261 32.25264 32.25264 32.25264 35.99062
4.68444 0 2.356542 2.356542 17.253399 17.253399 23.91241 32.25261 32.25264 32.25264 32.25264 35.99062
4.684442 2.356542 0 0.707856 17.253401 17.253401 23.912412 32.252612 32.252642 32.252642 32.252642 35.990622
4.684442 2.356542 0.707856 0 17.253401 17.253401 23.912412 32.252612 32.252642 32.252642 32.252642 35.990622
17.253399 17.253399 17.253401 17.253401 0 1.828818 23.912409 32.252609 32.252639 32.252639 32.252639 35.990619
17.253399 17.253399 17.253401 17.253401 1.828818 0 23.912409 32.252609 32.252639 32.252639 32.252639 35.990619
23.91241 23.91241 23.912412 23.912412 23.912409 23.912409 0 32.2526 32.25263 32.25263 32.25263 35.99061
32.25261 32.25261 32.252612 32.252612 32.252609 32.252609 32.2526 0 20.72003 20.72003 20.72003 35.99059
32.25264 32.25264 32.252642 32.252642 32.252639 32.252639 32.25263 20.72003 0 15.02912 17.26708 35.99062
32.25264 32.25264 32.252642 32.252642 32.252639 32.252639 32.25263 20.72003 15.02912 0 17.26708 35.99062
32.25264 32.25264 32.252642 32.252642 32.252639 32.252639 32.25263 20.72003 17.26708 17.26708 0 35.99062
35.99062 35.99062 35.990622 35.990622 35.990619 35.990619 35.99061 35.99059 35.99062 35.99062 35.99062 0
