0 34.92114 34.92114 34.92114 109.3502 109.35011 109.35011 128.24899 135.69826 135.69833 135.69833 135.69833
34.92114 0 7.85148 7.85148 109.35014 109.35005 109.35005 128.24893 135.6982 135.69827 135.69827 135.69827
34.92114 7.85148 0 4.26626 109.35014 109.35005 109.35005 128.24893 135.6982 135.69827 135.69827 135.69827
34.92114 7.85148 4.26626 0 109.35014 109.35005 109.35005 128.24893 135.6982 135.69827 135.69827 135.69827
109.3502 109.35014 109.35014 109.35014 0 28.47931 28.47931 128.24899 135.69826 135.69833 135.69833 135.69833
109.35011 109.35005 109.35005 109.35005 28.47931 0 5.69542 128.2489 135.69817 135.69824 135.69824 135.69824
109.35011 109.35005 109.35005 109.35005 28.47931 5.69542 0 128.2489 135.69817 135.69824 135.69824 135.69824
128.24899 128.24893 128.24893 128.24893 128.24899 128.2489 128.2489 0 135.69827 135.69834 135.69834 135.69834
135.69826 135.6982 135.6982 135.6982 135.69826 135.69817 135.69817 135.69827 0 63.17147 63.17147 63.17147
135.69833 135.69827 135.69827 135.69827 135.69833 135.69824 135.69824 135.69834 63.17147 0 12.19094 12.19094
135.69833 135.69827 135.69827 135.69827 135.69833 135.69824 135.69824 135.69834 63.17147 12.19094 0 3.63412
135.69833 135.69827 135.69827 135.69827 135.69833 135.69824 135.69824 135.69834 63.17147 12.19094 3.63412 0
