0 75.042784 75.042767 75.042767 75.042774 75.042774 75.042774 75.042774 75.042823 75.042823 75.0428 79.82064
75.042784 0 46.633783 46.633783 46.63379 46.63379 46.63379 46.63379 48.326687 48.326687 51.872784 79.820624
75.042767 46.633783 0 1.290606 3.759953 16.767713 33.039073 33.039073 48.32667 48.32667 51.872767 79.820607
75.042767 46.633783 1.290606 0 3.759953 16.767713 33.039073 33.039073 48.32667 48.32667 51.872767 79.820607
75.042774 46.63379 3.759953 3.759953 0 16.76772 33.03908 33.03908 48.326677 48.326677 51.872774 79.820614
75.042774 46.63379 16.767713 16.767713 16.76772 0 33.03908 33.03908 48.326677 48.326677 51.872774 79.820614
75.042774 46.63379 33.039073 33.039073 33.03908 33.03908 0 14.84702 48.326677 48.326677 51.872774 79.820614
75.042774 46.63379 33.039073 33.039073 33.03908 33.03908 14.84702 0 48.326677 48.326677 51.872774 79.820614
75.042823 48.326687 48.32667 48.32667 48.326677 48.326677 48.326677 48.326677 0 0.638926 51.872823 79.820663
75.042823 48.326687 48.32667 48.32667 48.326677 48.326677 48.326677 48.326677 0.638926 0 51.872823 79.820663
75.0428 51.872784 51.872767 51.872767 51.872774 51.872774 51.872774 51.872774 51.872823 51.872823 0 79.82064
79.82064 79.820624 79.820607 79.820607 79.820614 79.820614 79.820614 79.820614 79.820663 79.820663 79.82064 0
