0 5.60966 33.46311 33.46311 33.463108 33.463108 33.463078 33.46311 33.4631153 33.4631153 33.4631143 33.463115
5.60966 0 33.46311 33.46311 33.463108 33.463108 33.463078 33.46311 33.4631153 33.4631153 33.4631143 33.463115
33.46311 33.46311 0 19.64088 21.274158 21.274158 21.274128 26.99974 26.9997453 26.9997453 26.9997443 26.999745
33.46311 33.46311 19.64088 0 21.274158 21.274158 21.274128 26.99974 26.9997453 26.9997453 26.9997443 26.999745
33.463108 33.463108 21.274158 21.274158 0 2.29754 20.49823 26.999738 26.9997433 26.9997433 26.9997423 26.999743
33.463108 33.463108 21.274158 21.274158 2.29754 0 20.49823 26.999738 26.9997433 26.9997433 26.9997423 26.999743
33.463078 33.463078 21.274128 21.274128 20.49823 20.49823 0 26.999708 26.9997133 26.9997133 26.9997123 26.999713
33.46311 33.46311 26.99974 26.99974 26.999738 26.999738 26.999708 0 14.8793253 14.8793253 14.8793243 14.879325
33.4631153 33.4631153 26.9997453 26.9997453 26.9997433 26.9997433 26.9997133 14.8793253 0 1.50898 1.842057 1.9080703
33.4631153 33.4631153 26.9997453 26.9997453 26.9997433 26.9997433 26.9997133 14.8793253 1.50898 0 1.842057 1.9080703
33.4631143 33.4631143 26.9997443 26.9997443 26.9997423 26.9997423 26.9997123 14.8793243 1.842057 1.842057 0 1.9080693
33.463115 33.463115 26.999745 26.999745 26.999743 26.999743 26.999713 14.879325 1.9080703 1.9080703 1.9080693 0
