0 12.40168 12.40168 12.40168 12.40168 12.40168 22.99312 22.99312 146.54056 146.540671 146.540671 146.54066
12.40168 0 7.0971 7.0971 8.2769 8.2769 22.99312 22.99312 146.54056 146.540671 146.540671 146.54066
12.40168 7.0971 0 4.48886 8.2769 8.2769 22.99312 22.99312 146.54056 146.540671 146.540671 146.54066
12.40168 7.0971 4.48886 0 8.2769 8.2769 22.99312 22.99312 146.54056 146.540671 146.540671 146.54066
12.40168 8.2769 8.2769 8.2769 0 0.4542 22.99312 22.99312 146.54056 146.540671 146.540671 146.54066
12.40168 8.2769 8.2769 8.2769 0.4542 0 22.99312 22.99312 146.54056 146.540671 146.540671 146.54066
22.99312 22.99312 22.99312 22.99312 22.99312 22.99312 0 15.92458 146.54056 146.540671 146.540671 146.54066
22.99312 22.99312 22.99312 22.99312 22.99312 22.99312 15.92458 0 146.54056 146.540671 146.540671 146.54066
146.54056 146.54056 146.54056 146.54056 146.54056 146.54056 146.54056 146.54056 0 73.539311 73.539311 73.5393
146.540671 146.540671 146.540671 146.540671 146.540671 146.540671 146.540671 146.540671 73.539311 0 1.797422 41.381211
146.540671 146.540671 146.540671 146.540671 146.540671 146.540671 146.540671 146.540671 73.539311 1.797422 0 41.381211
146.54066 146.54066 146.54066 146.54066 146.54066 146.54066 146.54066 146.54066 73.5393 41.381211 41.381211 0
