0 32.7662 48.488221 48.488221 62.88291 62.88297 62.88295 62.88295 62.882954 62.882954 62.883 62.883
32.7662 0 48.488221 48.488221 62.88291 62.88297 62.88295 62.88295 62.882954 62.882954 62.883 62.883
48.488221 48.488221 0 0.548162 62.882851 62.882911 62.882891 62.882891 62.882895 62.882895 62.882941 62.882941
48.488221 48.488221 0.548162 0 62.882851 62.882911 62.882891 62.882891 62.882895 62.882895 62.882941 62.882941
62.88291 62.88291 62.882851 62.882851 0 34.75126 34.75124 34.75124 34.751244 34.751244 34.75129 34.75129
62.88297 62.88297 62.882911 62.882911 34.75126 0 24.23858 24.23858 24.238584 24.238584 30.83781 30.83781
62.88295 62.88295 62.882891 62.882891 34.75124 24.23858 0 21.635 21.635004 21.635004 30.83779 30.83779
62.88295 62.88295 62.882891 62.882891 34.75124 24.23858 21.635 0 9.246484 9.246484 30.83779 30.83779
62.882954 62.882954 62.882895 62.882895 34.751244 24.238584 21.635004 9.246484 0 1.247708 30.837794 30.837794
62.882954 62.882954 62.882895 62.882895 34.751244 24.238584 21.635004 9.246484 1.247708 0 30.837794 30.837794
62.883 62.883 62.882941 62.882941 34.75129 30.83781 30.83779 30.83779 30.837794 30.837794 0 9.22264
62.883 62.883 62.882941 62.882941 34.75129 30.83781 30.83779 30.83779 30.837794 30.837794 9.22264 0
