0 10.56084 18.48915 18.48915 18.489149 18.489149 28.29089 28.29089 111.21534 111.21534 111.2153104 111.2153104
10.56084 0 18.48915 18.48915 18.489149 18.489149 28.29089 28.29089 111.21534 111.21534 111.2153104 111.2153104
18.48915 18.48915 0 15.5204 15.520399 15.520399 28.2909 28.2909 111.21535 111.21535 111.2153204 111.2153204
18.48915 18.48915 15.5204 0 10.992159 10.992159 28.2909 28.2909 111.21535 111.21535 111.2153204 111.2153204
18.489149 18.489149 15.520399 10.992159 0 0.381118 28.290899 28.290899 111.215349 111.215349 111.2153194 111.2153194
18.489149 18.489149 15.520399 10.992159 0.381118 0 28.290899 28.290899 111.215349 111.215349 111.2153194 111.2153194
28.29089 28.29089 28.2909 28.2909 28.290899 28.290899 0 22.225 111.21535 111.21535 111.2153204 111.2153204
28.29089 28.29089 28.2909 28.2909 28.290899 28.290899 22.225 0 111.21535 111.21535 111.2153204 111.2153204
111.21534 111.21534 111.21535 111.21535 111.215349 111.215349 111.21535 111.21535 0 35.7524 71.8641704 71.8641704
111.21534 111.21534 111.21535 111.21535 111.215349 111.215349 111.21535 111.21535 35.7524 0 71.8641704 71.8641704
111.2153104 111.2153104 111.2153204 111.2153204 111.2153194 111.2153194 111.2153204 111.2153204 71.8641704 71.8641704 0 0.0289408
111.2153104 111.2153104 111.2153204 111.2153204 111.2153194 111.2153194 111.2153204 111.2153204 71.8641704 71.8641704 0.0289408 0
