0 43.32303 43.32303 47.3282507 47.3282507 47.32825 105.7975 105.7975 105.79749 105.79749 109.80482 109.80482
43.32303 0 26.6564 47.3282807 47.3282807 47.32828 105.79753 105.79753 105.79752 105.79752 109.80485 109.80485
43.32303 26.6564 0 47.3282807 47.3282807 47.32828 105.79753 105.79753 105.79752 105.79752 109.80485 109.80485
47.3282507 47.3282807 47.3282807 0 0.0450614 13.9706407 105.7974907 105.7974907 105.7974807 105.7974807 109.8048107 109.8048107
47.3282507 47.3282807 47.3282807 0.0450614 0 13.9706407 105.7974907 105.7974907 105.7974807 105.7974807 109.8048107 109.8048107
47.32825 47.32828 47.32828 13.9706407 13.9706407 0 105.79749 105.79749 105.79748 105.79748 109.80481 109.80481
105.7975 105.79753 105.79753 105.7974907 105.7974907 105.79749 0 44.2726 51.35201 102.79181 109.80486 109.80486
105.7975 105.79753 105.79753 105.7974907 105.7974907 105.79749 44.2726 0 51.35201 102.79181 109.80486 109.80486
105.79749 105.79752 105.79752 105.7974807 105.7974807 105.79748 51.35201 51.35201 0 102.7918 109.80485 109.80485
105.79749 105.79752 105.79752 105.7974807 105.7974807 105.79748 102.79181 102.79181 102.7918 0 109.80485 109.80485
109.80482 109.80485 109.80485 109.8048107 109.8048107 109.80481 109.80486 109.80486 109.80485 109.80485 0 25.4922
109.80482 109.80485 109.80485 109.8048107 109.8048107 109.80481 109.80486 109.80486 109.80485 109.80485 25.4922 0
