0 2.004 42.3417 43.895106 43.895107 43.895107 43.895066 64.075136 64.075096 64.075097 64.075097 64.075126
2.004 0 42.3417 43.895106 43.895107 43.895107 43.895066 64.075136 64.075096 64.075097 64.075097 64.075126
42.3417 42.3417 0 43.895206 43.895207 43.895207 43.895166 64.075236 64.075196 64.075197 64.075197 64.075226
43.895106 43.895106 43.895206 0 11.141681 11.141681 36.04024 64.07519 64.07515 64.075151 64.075151 64.07518
43.895107 43.895107 43.895207 11.141681 0 0.459462 36.040241 64.075191 64.075151 64.075152 64.075152 64.075181
43.895107 43.895107 43.895207 11.141681 0.459462 0 36.040241 64.075191 64.075151 64.075152 64.075152 64.075181
43.895066 43.895066 43.895166 36.04024 36.040241 36.040241 0 64.07515 64.07511 64.075111 64.075111 64.07514
64.075136 64.075136 64.075236 64.07519 64.075191 64.075191 64.07515 0 22.66436 22.664361 22.664361 36.86361
64.075096 64.075096 64.075196 64.07515 64.075151 64.075151 64.07511 22.66436 0 4.587921 4.587921 36.86357
64.075097 64.075097 64.075197 64.075151 64.075152 64.075152 64.075111 22.664361 4.587921 0 1.212782 36.863571
64.075097 64.075097 64.075197 64.075151 64.075152 64.075152 64.075111 22.664361 4.587921 1.212782 0 36.863571
64.075126 64.075126 64.075226 64.07518 64.075181 64.075181 64.07514 36.86361 36.86357 36.863571 36.863571 0
