0 29.88396 29.883936 29.883936 59.410376 59.410376 59.410386 59.410408 59.410408 59.410386 59.410386 59.410416
29.88396 0 26.350776 26.350776 59.410336 59.410336 59.410346 59.410368 59.410368 59.410346 59.410346 59.410376
29.883936 26.350776 0 1.414552 59.410312 59.410312 59.410322 59.410344 59.410344 59.410322 59.410322 59.410352
29.883936 26.350776 1.414552 0 59.410312 59.410312 59.410322 59.410344 59.410344 59.410322 59.410322 59.410352
59.410376 59.410336 59.410312 59.410312 0 17.61834 41.62455 41.624572 41.624572 58.36133 58.36133 58.36136
59.410376 59.410336 59.410312 59.410312 17.61834 0 41.62455 41.624572 41.624572 58.36133 58.36133 58.36136
59.410386 59.410346 59.410322 59.410322 41.62455 41.62455 0 24.976422 24.976422 58.36134 58.36134 58.36137
59.410408 59.410368 59.410344 59.410344 41.624572 41.624572 24.976422 0 0.550444 58.361362 58.361362 58.361392
59.410408 59.410368 59.410344 59.410344 41.624572 41.624572 24.976422 0.550444 0 58.361362 58.361362 58.361392
59.410386 59.410346 59.410322 59.410322 58.36133 58.36133 58.36134 58.361362 58.361362 0 16.89188 21.18617
59.410386 59.410346 59.410322 59.410322 58.36133 58.36133 58.36134 58.361362 58.361362 16.89188 0 21.18617
59.410416 59.410376 59.410352 59.410352 58.36136 58.36136 58.36137 58.361392 58.361392 21.18617 21.18617 0
