0 4.0589 44.62069 44.620688 44.620688 76.08705 95.6189 95.618945 95.618945 95.61894 95.61893 95.61893
4.0589 0 44.62069 44.620688 44.620688 76.08705 95.6189 95.618945 95.618945 95.61894 95.61893 95.61893
44.62069 44.62069 0 11.159878 11.159878 76.08704 95.61889 95.618935 95.618935 95.61893 95.61892 95.61892
44.620688 44.620688 11.159878 0 1.464496 76.087038 95.618888 95.618933 95.618933 95.618928 95.618918 95.618918
44.620688 44.620688 11.159878 1.464496 0 76.087038 95.618888 95.618933 95.618933 95.618928 95.618918 95.618918
76.08705 76.08705 76.08704 76.087038 76.087038 0 95.61885 95.618895 95.618895 95.61889 95.61888 95.61888
95.6189 95.6189 95.61889 95.618888 95.618888 95.61885 0 26.366445 26.366445 26.36644 26.36643 26.36643
95.618945 95.618945 95.618935 95.618933 95.618933 95.618895 26.366445 0 0.37549 9.595385 21.590055 21.590055
95.618945 95.618945 95.618935 95.618933 95.618933 95.618895 26.366445 0.37549 0 9.595385 21.590055 21.590055
95.61894 95.61894 95.61893 95.618928 95.618928 95.61889 26.36644 9.595385 9.595385 0 21.59005 21.59005
95.61893 95.61893 95.61892 95.618918 95.618918 95.61888 26.36643 21.590055 21.590055 21.59005 0 6.88394
95.61893 95.61893 95.61892 95.618918 95.618918 95.61888 26.36643 21.590055 21.590055 21.59005 6.88394 0
