0 2.54232 37.31933 37.31933 37.31935 38.024857 38.024857 38.024856 38.024856 60.872256 60.872253 60.872253
2.54232 0 37.31933 37.31933 37.31935 38.024857 38.024857 38.024856 38.024856 60.872256 60.872253 60.872253
37.31933 37.31933 0 17.39362 27.90578 38.024867 38.024867 38.024866 38.024866 60.872266 60.872263 60.872263
37.31933 37.31933 17.39362 0 27.90578 38.024867 38.024867 38.024866 38.024866 60.872266 60.872263 60.872263
37.31935 37.31935 27.90578 27.90578 0 38.024887 38.024887 38.024886 38.024886 60.872286 60.872283 60.872283
38.024857 38.024857 38.024867 38.024867 38.024887 0 0.764742 12.100261 12.100261 60.872261 60.872258 60.872258
38.024857 38.024857 38.024867 38.024867 38.024887 0.764742 0 12.100261 12.100261 60.872261 60.872258 60.872258
38.024856 38.024856 38.024866 38.024866 38.024886 12.100261 12.100261 0 5.75286 60.87226 60.872257 60.872257
38.024856 38.024856 38.024866 38.024866 38.024886 12.100261 12.100261 5.75286 0 60.87226 60.872257 60.872257
60.872256 60.872256 60.872266 60.872266 60.872286 60.872261 60.872261 60.87226 60.87226 0 13.597057 13.597057
60.872253 60.872253 60.872263 60.872263 60.872283 60.872258 60.872258 60.872257 60.872257 13.597057 0 0.318474
60.872253 60.872253 60.872263 60.872263 60.872283 60.872258 60.872258 60.872257 60.872257 13.597057 0.318474 0
