0 164.202 164.202 164.202 164.202 164.2021 164.2021044 164.2021044 164.202022 164.202022 164.20202 164.20202
164.202 0 67.89 95.4532 95.4532 119.1893 119.1893044 119.1893044 119.189222 119.189222 119.18922 119.18922
164.202 67.89 0 95.4532 95.4532 119.1893 119.1893044 119.1893044 119.189222 119.189222 119.18922 119.18922
164.202 95.4532 95.4532 0 49.7668 119.1893 119.1893044 119.1893044 119.189222 119.189222 119.18922 119.18922
164.202 95.4532 95.4532 49.7668 0 119.1893 119.1893044 119.1893044 119.189222 119.189222 119.18922 119.18922
164.2021 119.1893 119.1893 119.1893 119.1893 0 6.8664044 6.8664044 57.781722 57.781722 57.78172 57.78172
164.2021044 119.1893044 119.1893044 119.1893044 119.1893044 6.8664044 0 0.0415888 57.7817264 57.7817264 57.7817244 57.7817244
164.2021044 119.1893044 119.1893044 119.1893044 119.1893044 6.8664044 0.0415888 0 57.7817264 57.7817264 57.7817244 57.7817244
164.202022 119.189222 119.189222 119.189222 119.189222 57.781722 57.7817264 57.7817264 0 10.78852 11.661062 15.289842
164.202022 119.189222 119.189222 119.189222 119.189222 57.781722 57.7817264 57.7817264 10.78852 0 11.661062 15.289842
164.20202 119.18922 119.18922 119.18922 119.18922 57.78172 57.7817244 57.7817244 11.661062 11.661062 0 15.28984
164.20202 119.18922 119.18922 119.18922 119.18922 57.78172 57.7817244 57.7817244 15.289842 15.289842 15.28984 0
