0 35.00882 35.00882 35.00882 35.00885 145.32782 145.327819 145.327819 145.32782 145.32777 145.32777 145.3278
35.00882 0 6.53958 14.47528 25.08537 145.32784 145.327839 145.327839 145.32784 145.32779 145.32779 145.32782
35.00882 6.53958 0 14.47528 25.08537 145.32784 145.327839 145.327839 145.32784 145.32779 145.32779 145.32782
35.00882 14.47528 14.47528 0 25.08537 145.32784 145.327839 145.327839 145.32784 145.32779 145.32779 145.32782
35.00885 25.08537 25.08537 25.08537 0 145.32787 145.327869 145.327869 145.32787 145.32782 145.32782 145.32785
145.32782 145.32784 145.32784 145.32784 145.32787 0 15.891299 15.891299 15.8913 85.29665 85.29665 98.00162
145.327819 145.327839 145.327839 145.327839 145.327869 15.891299 0 0.673514 2.497199 85.296649 85.296649 98.001619
145.327819 145.327839 145.327839 145.327839 145.327869 15.891299 0.673514 0 2.497199 85.296649 85.296649 98.001619
145.32782 145.32784 145.32784 145.32784 145.32787 15.8913 2.497199 2.497199 0 85.29665 85.29665 98.00162
145.32777 145.32779 145.32779 145.32779 145.32782 85.29665 85.296649 85.296649 85.29665 0 44.6884 98.00157
145.32777 145.32779 145.32779 145.32779 145.32782 85.29665 85.296649 85.296649 85.29665 44.6884 0 98.00157
145.3278 145.32782 145.32782 145.32782 145.32785 98.00162 98.001619 98.001619 98.00162 98.00157 98.00157 0
