0 60.29423 60.29423 60.29423 61.049479 61.049469 61.049459 61.049459 61.049439 61.049454 61.049454 61.049454
60.29423 0 8.10178 17.85006 61.049509 61.049499 61.049489 61.049489 61.049469 61.049484 61.049484 61.049484
60.29423 8.10178 0 17.85006 61.049509 61.049499 61.049489 61.049489 61.049469 61.049484 61.049484 61.049484
60.29423 17.85006 17.85006 0 61.049509 61.049499 61.049489 61.049489 61.049469 61.049484 61.049484 61.049484
61.049479 61.049509 61.049509 61.049509 0 27.30299 27.30298 27.30298 47.26844 52.971075 52.971075 52.971075
61.049469 61.049499 61.049499 61.049499 27.30299 0 24.62679 24.62679 47.26843 52.971065 52.971065 52.971065
61.049459 61.049489 61.049489 61.049489 27.30298 24.62679 0 5.60132 47.26842 52.971055 52.971055 52.971055
61.049459 61.049489 61.049489 61.049489 27.30298 24.62679 5.60132 0 47.26842 52.971055 52.971055 52.971055
61.049439 61.049469 61.049469 61.049469 47.26844 47.26843 47.26842 47.26842 0 52.971035 52.971035 52.971035
61.049454 61.049484 61.049484 61.049484 52.971075 52.971065 52.971055 52.971055 52.971035 0 10.5522 51.527
61.049454 61.049484 61.049484 61.049484 52.971075 52.971065 52.971055 52.971055 52.971035 10.5522 0 51.527
61.049454 61.049484 61.049484 61.049484 52.971075 52.971065 52.971055 52.971055 52.971035 51.527 51.527 0
