0 61.23023 61.23023 70.39999 92.56706 92.56706 92.567023 92.567023 92.56702 92.56706 92.56709 106.68213
61.23023 0 5.31626 70.40002 92.56709 92.56709 92.567053 92.567053 92.56705 92.56709 92.56712 106.68216
61.23023 5.31626 0 70.40002 92.56709 92.56709 92.567053 92.567053 92.56705 92.56709 92.56712 106.68216
70.39999 70.40002 70.40002 0 92.56707 92.56707 92.567033 92.567033 92.56703 92.56707 92.5671 106.68214
92.56706 92.56709 92.56709 92.56707 0 24.785 46.918963 46.918963 46.91896 46.919 50.53477 106.68221
92.56706 92.56709 92.56709 92.56707 24.785 0 46.918963 46.918963 46.91896 46.919 50.53477 106.68221
92.567023 92.567053 92.567053 92.567033 46.918963 46.918963 0 2.1847 3.140923 23.180763 50.534733 106.682173
92.567023 92.567053 92.567053 92.567033 46.918963 46.918963 2.1847 0 3.140923 23.180763 50.534733 106.682173
92.56702 92.56705 92.56705 92.56703 46.91896 46.91896 3.140923 3.140923 0 23.18076 50.53473 106.68217
92.56706 92.56709 92.56709 92.56707 46.919 46.919 23.180763 23.180763 23.18076 0 50.53477 106.68221
92.56709 92.56712 92.56712 92.5671 50.53477 50.53477 50.534733 50.534733 50.53473 50.53477 0 106.68224
106.68213 106.68216 106.68216 106.68214 106.68221 106.68221 106.682173 106.682173 106.68217 106.68221 106.68224 0
