0 6.8361 55.86104 55.86104 55.861121 55.861121 66.71187 114.79884 114.79884 114.79884 114.79887 114.79887
6.8361 0 55.86104 55.86104 55.861121 55.861121 66.71187 114.79884 114.79884 114.79884 114.79887 114.79887
55.86104 55.86104 0 24.185 33.959661 33.959661 66.71181 114.79878 114.79878 114.79878 114.79881 114.79881
55.86104 55.86104 24.185 0 33.959661 33.959661 66.71181 114.79878 114.79878 114.79878 114.79881 114.79881
55.861121 55.861121 33.959661 33.959661 0 1.363742 66.711891 114.798861 114.798861 114.798861 114.798891 114.798891
55.861121 55.861121 33.959661 33.959661 1.363742 0 66.711891 114.798861 114.798861 114.798861 114.798891 114.798891
66.71187 66.71187 66.71181 66.71181 66.711891 66.711891 0 114.79877 114.79877 114.79877 114.7988 114.7988
114.79884 114.79884 114.79878 114.79878 114.798861 114.798861 114.79877 0 2.65904 9.29258 27.11217 29.45877
114.79884 114.79884 114.79878 114.79878 114.798861 114.798861 114.79877 2.65904 0 9.29258 27.11217 29.45877
114.79884 114.79884 114.79878 114.79878 114.798861 114.798861 114.79877 9.29258 9.29258 0 27.11217 29.45877
114.79887 114.79887 114.79881 114.79881 114.798891 114.798891 114.7988 27.11217 27.11217 27.11217 0 29.4588
114.79887 114.79887 114.79881 114.79881 114.798891 114.798891 114.7988 29.45877 29.45877 29.45877 29.4588 0
