0 20.552 50.155 50.155 50.155 55.3532 55.3532 100.16396 100.16396 100.16396 100.16405 100.16405
20.552 0 50.155 50.155 50.155 55.3532 55.3532 100.16396 100.16396 100.16396 100.16405 100.16405
50.155 50.155 0 9.00312 12.8106 55.3532 55.3532 100.16396 100.16396 100.16396 100.16405 100.16405
50.155 50.155 9.00312 0 12.8106 55.3532 55.3532 100.16396 100.16396 100.16396 100.16405 100.16405
50.155 50.155 12.8106 12.8106 0 55.3532 55.3532 100.16396 100.16396 100.16396 100.16405 100.16405
55.3532 55.3532 55.3532 55.3532 55.3532 0 9.7133 100.16406 100.16406 100.16406 100.16415 100.16415
55.3532 55.3532 55.3532 55.3532 55.3532 9.7133 0 100.16406 100.16406 100.16406 100.16415 100.16415
100.16396 100.16396 100.16396 100.16396 100.16396 100.16406 100.16406 0 4.63282 18.77042 71.51331 71.51331
100.16396 100.16396 100.16396 100.16396 100.16396 100.16406 100.16406 4.63282 0 18.77042 71.51331 71.51331
100.16396 100.16396 100.16396 100.16396 100.16396 100.16406 100.16406 18.77042 18.77042 0 71.51331 71.51331
100.16405 100.16405 100.16405 100.16405 100.16405 100.16415 100.16415 71.51331 71.51331 71.51331 0 20.6706
100.16405 100.16405 100.16405 100.16405 100.16405 100.16415 100.16415 71.51331 71.51331 71.51331 20.6706 0
