0 7.9538 39.6656 61.8093 64.20768 77.26331 77.26337 77.26337 77.26337 77.26337 77.263377 77.263377
7.9538 0 39.6656 61.8093 64.20768 77.26331 77.26337 77.26337 77.26337 77.26337 77.263377 77.263377
39.6656 39.6656 0 61.8093 64.20768 77.26331 77.26337 77.26337 77.26337 77.26337 77.263377 77.263377
61.8093 61.8093 61.8093 0 64.20758 77.26321 77.26327 77.26327 77.26327 77.26327 77.263277 77.263277
64.20768 64.20768 64.20768 64.20758 0 77.26323 77.26329 77.26329 77.26329 77.26329 77.263297 77.263297
77.26331 77.26331 77.26331 77.26321 77.26323 0 72.90746 72.90746 72.90746 72.90746 72.907467 72.907467
77.26337 77.26337 77.26337 77.26327 77.26329 72.90746 0 30.295 37.41012 37.41012 63.778927 63.778927
77.26337 77.26337 77.26337 77.26327 77.26329 72.90746 30.295 0 37.41012 37.41012 63.778927 63.778927
77.26337 77.26337 77.26337 77.26327 77.26329 72.90746 37.41012 37.41012 0 22.9968 63.778927 63.778927
77.26337 77.26337 77.26337 77.26327 77.26329 72.90746 37.41012 37.41012 22.9968 0 63.778927 63.778927
77.263377 77.263377 77.263377 77.263277 77.263297 72.907467 63.778927 63.778927 63.778927 63.778927 0 1.341734
77.263377 77.263377 77.263377 77.263277 77.263297 72.907467 63.778927 63.778927 63.778927 63.778927 1.341734 0
