0 51.7956 51.7956 51.795603 51.795603 51.7956 51.79559 51.79559 58.06259 58.062603 58.062603 76.54081
51.7956 0 7.99182 7.991823 7.991823 7.99182 23.96879 23.96879 58.06259 58.062603 58.062603 76.54081
51.7956 7.99182 0 4.946263 4.946263 4.94626 23.96879 23.96879 58.06259 58.062603 58.062603 76.54081
51.795603 7.991823 4.946263 0 1.466576 2.054523 23.968793 23.968793 58.062593 58.062606 58.062606 76.540813
51.795603 7.991823 4.946263 1.466576 0 2.054523 23.968793 23.968793 58.062593 58.062606 58.062606 76.540813
51.7956 7.99182 4.94626 2.054523 2.054523 0 23.96879 23.96879 58.06259 58.062603 58.062603 76.54081
51.79559 23.96879 23.96879 23.968793 23.968793 23.96879 0 7.38054 58.06258 58.062593 58.062593 76.5408
51.79559 23.96879 23.96879 23.968793 23.968793 23.96879 7.38054 0 58.06258 58.062593 58.062593 76.5408
58.06259 58.06259 58.06259 58.062593 58.062593 58.06259 58.06258 58.06258 0 22.905213 22.905213 76.54082
58.062603 58.062603 58.062603 58.062606 58.062606 58.062603 58.062593 58.062593 22.905213 0 0.063626 76.540833
58.062603 58.062603 58.062603 58.062606 58.062606 58.062603 58.062593 58.062593 22.905213 0.063626 0 76.540833
76.54081 76.54081 76.54081 76.540813 76.540813 76.54081 76.5408 76.5408 76.54082 76.540833 76.540833 0
