0 31.26859 31.26859 88.89806 88.898064 88.898064 88.898058 88.89806 88.89807 88.89807 94.20066 94.20066
31.26859 0 4.02658 88.89805 88.898054 88.898054 88.898048 88.89805 88.89806 88.89806 94.20065 94.20065
31.26859 4.02658 0 88.89805 88.898054 88.898054 88.898048 88.89805 88.89806 88.89806 94.20065 94.20065
88.89806 88.89805 88.89805 0 8.362844 8.362844 8.362838 12.05612 36.99773 36.99773 94.20052 94.20052
88.898064 88.898054 88.898054 8.362844 0 1.572632 7.641326 12.056124 36.997734 36.997734 94.200524 94.200524
88.898064 88.898054 88.898054 8.362844 1.572632 0 7.641326 12.056124 36.997734 36.997734 94.200524 94.200524
88.898058 88.898048 88.898048 8.362838 7.641326 7.641326 0 12.056118 36.997728 36.997728 94.200518 94.200518
88.89806 88.89805 88.89805 12.05612 12.056124 12.056124 12.056118 0 36.99773 36.99773 94.20052 94.20052
88.89807 88.89806 88.89806 36.99773 36.997734 36.997734 36.997728 36.99773 0 3.41034 94.20053 94.20053
88.89807 88.89806 88.89806 36.99773 36.997734 36.997734 36.997728 36.99773 3.41034 0 94.20053 94.20053
94.20066 94.20065 94.20065 94.20052 94.200524 94.200524 94.200518 94.20052 94.20053 94.20053 0 52.3206
94.20066 94.20065 94.20065 94.20052 94.200524 94.200524 94.200518 94.20052 94.20053 94.20053 52.3206 0
