0 30.322 92.58353 92.58353 92.58353 92.58348 92.58348 92.58349 92.58357 92.58357 92.58357 92.58355
30.322 0 92.58353 92.58353 92.58353 92.58348 92.58348 92.58349 92.58357 92.58357 92.58357 92.58355
92.58353 92.58353 0 11.61734 13.79608 66.29783 66.29783 66.29784 81.1616 81.1616 81.1616 81.16158
92.58353 92.58353 11.61734 0 13.79608 66.29783 66.29783 66.29784 81.1616 81.1616 81.1616 81.16158
92.58353 92.58353 13.79608 13.79608 0 66.29783 66.29783 66.29784 81.1616 81.1616 81.1616 81.16158
92.58348 92.58348 66.29783 66.29783 66.29783 0 32.2328 38.04979 81.16155 81.16155 81.16155 81.16153
92.58348 92.58348 66.29783 66.29783 66.29783 32.2328 0 38.04979 81.16155 81.16155 81.16155 81.16153
92.58349 92.58349 66.29784 66.29784 66.29784 38.04979 38.04979 0 81.16156 81.16156 81.16156 81.16154
92.58357 92.58357 81.1616 81.1616 81.1616 81.16155 81.16155 81.16156 0 0.94386 17.14612 22.27162
92.58357 92.58357 81.1616 81.1616 81.1616 81.16155 81.16155 81.16156 0.94386 0 17.14612 22.27162
92.58357 92.58357 81.1616 81.1616 81.1616 81.16155 81.16155 81.16156 17.14612 17.14612 0 22.27162
92.58355 92.58355 81.16158 81.16158 81.16158 81.16153 81.16153 81.16154 22.27162 22.27162 22.27162 0
