0 65.36478 65.364821 65.364821 65.36482 65.36482 65.36482 65.36481 65.36473 65.36473 65.36477 65.36475
65.36478 0 47.873641 47.873641 47.87364 47.87364 47.87364 47.87363 61.74065 61.74065 61.74069 61.74067
65.364821 47.873641 0 0.701282 22.344881 22.344881 22.344881 22.344871 61.740691 61.740691 61.740731 61.740711
65.364821 47.873641 0.701282 0 22.344881 22.344881 22.344881 22.344871 61.740691 61.740691 61.740731 61.740711
65.36482 47.87364 22.344881 22.344881 0 3.36376 9.33652 17.25297 61.74069 61.74069 61.74073 61.74071
65.36482 47.87364 22.344881 22.344881 3.36376 0 9.33652 17.25297 61.74069 61.74069 61.74073 61.74071
65.36482 47.87364 22.344881 22.344881 9.33652 9.33652 0 17.25297 61.74069 61.74069 61.74073 61.74071
65.36481 47.87363 22.344871 22.344871 17.25297 17.25297 17.25297 0 61.74068 61.74068 61.74072 61.7407
65.36473 61.74065 61.740691 61.740691 61.74069 61.74069 61.74069 61.74068 0 2.83092 39.30836 42.92058
65.36473 61.74065 61.740691 61.740691 61.74069 61.74069 61.74069 61.74068 2.83092 0 39.30836 42.92058
65.36477 61.74069 61.740731 61.740731 61.74073 61.74073 61.74073 61.74072 39.30836 39.30836 0 42.92062
65.36475 61.74067 61.740711 61.740711 61.74071 61.74071 61.74071 61.7407 42.92058 42.92058 42.92062 0
