0 107.3008 107.3008 107.3008 175.07731 175.0772341 175.0772341 175.07731 175.07725 175.07727 175.07727 175.07727
107.3008 0 53.9826 53.9826 175.07731 175.0772341 175.0772341 175.07731 175.07725 175.07727 175.07727 175.07727
107.3008 53.9826 0 31.7484 175.07731 175.0772341 175.0772341 175.07731 175.07725 175.07727 175.07727 175.07727
107.3008 53.9826 31.7484 0 175.07731 175.0772341 175.0772341 175.07731 175.07725 175.07727 175.07727 175.07727
175.07731 175.07731 175.07731 175.07731 0 20.9023241 20.9023241 50.371 67.59086 84.90898 84.90898 84.90898
175.0772341 175.0772341 175.0772341 175.0772341 20.9023241 0 0.1400482 50.3709241 67.5907841 84.9089041 84.9089041 84.9089041
175.0772341 175.0772341 175.0772341 175.0772341 20.9023241 0.1400482 0 50.3709241 67.5907841 84.9089041 84.9089041 84.9089041
175.07731 175.07731 175.07731 175.07731 50.371 50.3709241 50.3709241 0 67.59086 84.90898 84.90898 84.90898
175.07725 175.07725 175.07725 175.07725 67.59086 67.5907841 67.5907841 67.59086 0 84.90892 84.90892 84.90892
175.07727 175.07727 175.07727 175.07727 84.90898 84.9089041 84.9089041 84.90898 84.90892 0 11.48812 15.88114
175.07727 175.07727 175.07727 175.07727 84.90898 84.9089041 84.9089041 84.90898 84.90892 11.48812 0 15.88114
175.07727 175.07727 175.07727 175.07727 84.90898 84.9089041 84.9089041 84.90898 84.90892 15.88114 15.88114 0
