0 93.6984 93.6984 133.87286 133.87286 133.87286 133.87285 133.87285 133.87289 133.87283 133.87281 133.87281
93.6984 0 35.7136 133.87286 133.87286 133.87286 133.87285 133.87285 133.87289 133.87283 133.87281 133.87281
93.6984 35.7136 0 133.87286 133.87286 133.87286 133.87285 133.87285 133.87289 133.87283 133.87281 133.87281
133.87286 133.87286 133.87286 0 15.33036 15.33036 25.23225 25.23225 25.23229 72.32063 83.78807 83.78807
133.87286 133.87286 133.87286 15.33036 0 4.39728 25.23225 25.23225 25.23229 72.32063 83.78807 83.78807
133.87286 133.87286 133.87286 15.33036 4.39728 0 25.23225 25.23225 25.23229 72.32063 83.78807 83.78807
133.87285 133.87285 133.87285 25.23225 25.23225 25.23225 0 7.72546 22.82156 72.32062 83.78806 83.78806
133.87285 133.87285 133.87285 25.23225 25.23225 25.23225 7.72546 0 22.82156 72.32062 83.78806 83.78806
133.87289 133.87289 133.87289 25.23229 25.23229 25.23229 22.82156 22.82156 0 72.32066 83.7881 83.7881
133.87283 133.87283 133.87283 72.32063 72.32063 72.32063 72.32062 72.32062 72.32066 0 83.78804 83.78804
133.87281 133.87281 133.87281 83.78807 83.78807 83.78807 83.78806 83.78806 83.7881 83.78804 0 5.32242
133.87281 133.87281 133.87281 83.78807 83.78807 83.78807 83.78806 83.78806 83.7881 83.78804 5.32242 0
