0 61.527418 61.527418 61.52742 61.52742 61.52742 61.527418 61.527418 61.52742 61.52741 61.52737 61.52737
61.527418 0 0.471116 5.303718 9.346338 21.203958 21.203956 21.203956 21.203958 29.690408 44.252968 44.252968
61.527418 0.471116 0 5.303718 9.346338 21.203958 21.203956 21.203956 21.203958 29.690408 44.252968 44.252968
61.52742 5.303718 5.303718 0 9.34634 21.20396 21.203958 21.203958 21.20396 29.69041 44.25297 44.25297
61.52742 9.346338 9.346338 9.34634 0 21.20396 21.203958 21.203958 21.20396 29.69041 44.25297 44.25297
61.52742 21.203958 21.203958 21.20396 21.20396 0 7.497898 7.497898 16.71008 29.69041 44.25297 44.25297
61.527418 21.203956 21.203956 21.203958 21.203958 7.497898 0 1.252496 16.710078 29.690408 44.252968 44.252968
61.527418 21.203956 21.203956 21.203958 21.203958 7.497898 1.252496 0 16.710078 29.690408 44.252968 44.252968
61.52742 21.203958 21.203958 21.20396 21.20396 16.71008 16.710078 16.710078 0 29.69041 44.25297 44.25297
61.52741 29.690408 29.690408 29.69041 29.69041 29.69041 29.690408 29.690408 29.69041 0 44.25296 44.25296
61.52737 44.252968 44.252968 44.25297 44.25297 44.25297 44.252968 44.252968 44.25297 44.25296 0 4.92132
61.52737 44.252968 44.252968 44.25297 44.25297 44.25297 44.252968 44.252968 44.25297 44.25296 4.92132 0
