0 1.39169607 1.39169607 19.128638 19.128638 55.7311 55.7311 55.731108 62.885218 62.885288 62.885288 77.591368
1.39169607 0 0.01682414 19.12863807 19.12863807 55.73110007 55.73110007 55.73110807 62.88521807 62.88528807 62.88528807 77.59136807
1.39169607 0.01682414 0 19.12863807 19.12863807 55.73110007 55.73110007 55.73110807 62.88521807 62.88528807 62.88528807 77.59136807
19.128638 19.12863807 19.12863807 0 16.75696 55.731102 55.731102 55.73111 62.88522 62.88529 62.88529 77.59137
19.128638 19.12863807 19.12863807 16.75696 0 55.731102 55.731102 55.73111 62.88522 62.88529 62.88529 77.59137
55.7311 55.73110007 55.73110007 55.731102 55.731102 0 10.94944 12.184172 62.885282 62.885352 62.885352 77.591432
55.7311 55.73110007 55.73110007 55.731102 55.731102 10.94944 0 12.184172 62.885282 62.885352 62.885352 77.591432
55.731108 55.73110807 55.73110807 55.73111 55.73111 12.184172 12.184172 0 62.88529 62.88536 62.88536 77.59144
62.885218 62.88521807 62.88521807 62.88522 62.88522 62.885282 62.885282 62.88529 0 30.20987 30.20987 77.59135
62.885288 62.88528807 62.88528807 62.88529 62.88529 62.885352 62.885352 62.88536 30.20987 0 21.96 77.59142
62.885288 62.88528807 62.88528807 62.88529 62.88529 62.885352 62.885352 62.88536 30.20987 21.96 0 77.59142
77.591368 77.59136807 77.59136807 77.59137 77.59137 77.591432 77.591432 77.59144 77.59135 77.59142 77.59142 0
