0 32.65442 32.65442 154.03622 154.036221 154.036221 154.03622 154.036223 154.036223 154.03625 167.86112 167.86112
32.65442 0 3.44324 154.03624 154.036241 154.036241 154.03624 154.036243 154.036243 154.03627 167.86114 167.86114
32.65442 3.44324 0 154.03624 154.036241 154.036241 154.03624 154.036243 154.036243 154.03627 167.86114 167.86114
154.03622 154.03624 154.03624 0 20.036401 20.036401 20.0364 36.480243 36.480243 36.48027 167.86114 167.86114
154.036221 154.036241 154.036241 20.036401 0 0.950242 4.535081 36.480244 36.480244 36.480271 167.861141 167.861141
154.036221 154.036241 154.036241 20.036401 0.950242 0 4.535081 36.480244 36.480244 36.480271 167.861141 167.861141
154.03622 154.03624 154.03624 20.0364 4.535081 4.535081 0 36.480243 36.480243 36.48027 167.86114 167.86114
154.036223 154.036243 154.036243 36.480243 36.480244 36.480244 36.480243 0 19.71422 21.326373 167.861143 167.861143
154.036223 154.036243 154.036243 36.480243 36.480244 36.480244 36.480243 19.71422 0 21.326373 167.861143 167.861143
154.03625 154.03627 154.03627 36.48027 36.480271 36.480271 36.48027 21.326373 21.326373 0 167.86117 167.86117
167.86112 167.86114 167.86114 167.86114 167.861141 167.861141 167.86114 167.861143 167.861143 167.86117 0 105.5014
167.86112 167.86114 167.86114 167.86114 167.861141 167.861141 167.86114 167.861143 167.861143 167.86117 105.5014 0
