0 66.9314 66.93143 66.93143 216.1363 216.13631 216.13631 216.1364 216.13639 216.13639 216.136382 216.136382
66.9314 0 32.17903 32.17903 216.1363 216.13631 216.13631 216.1364 216.13639 216.13639 216.136382 216.136382
66.93143 32.17903 0 11.78946 216.13633 216.13634 216.13634 216.13643 216.13642 216.13642 216.136412 216.136412
66.93143 32.17903 11.78946 0 216.13633 216.13634 216.13634 216.13643 216.13642 216.13642 216.136412 216.136412
216.1363 216.1363 216.13633 216.13633 0 35.81881 35.81881 87.7469 87.74689 87.74689 164.701082 164.701082
216.13631 216.13631 216.13634 216.13634 35.81881 0 2.53642 87.74691 87.7469 87.7469 164.701092 164.701092
216.13631 216.13631 216.13634 216.13634 35.81881 2.53642 0 87.74691 87.7469 87.7469 164.701092 164.701092
216.1364 216.1364 216.13643 216.13643 87.7469 87.74691 87.74691 0 32.92959 32.92959 164.701182 164.701182
216.13639 216.13639 216.13642 216.13642 87.74689 87.7469 87.7469 32.92959 0 18.5109 164.701172 164.701172
216.13639 216.13639 216.13642 216.13642 87.74689 87.7469 87.7469 32.92959 18.5109 0 164.701172 164.701172
216.136382 216.136382 216.136412 216.136412 164.701082 164.701092 164.701092 164.701182 164.701172 164.701172 0 0.499164
216.136382 216.136382 216.136412 216.136412 164.701082 164.701092 164.701092 164.701182 164.701172 164.701172 0.499164 0
