0 9.3993 9.813316 9.813316 15.228796 15.228796 43.095996 66.662996 68.020562 68.020592 68.020602 68.020602
9.3993 0 9.813316 9.813316 15.228796 15.228796 43.095996 66.662996 68.020562 68.020592 68.020602 68.020602
9.813316 9.813316 0 5.2965 15.2288 15.2288 43.096 66.663 68.020566 68.020596 68.020606 68.020606
9.813316 9.813316 5.2965 0 15.2288 15.2288 43.096 66.663 68.020566 68.020596 68.020606 68.020606
15.228796 15.228796 15.2288 15.2288 0 2.64758 43.096 66.663 68.020566 68.020596 68.020606 68.020606
15.228796 15.228796 15.2288 15.2288 2.64758 0 43.096 66.663 68.020566 68.020596 68.020606 68.020606
43.095996 43.095996 43.096 43.096 43.096 43.096 0 66.663 68.020566 68.020596 68.020606 68.020606
66.662996 66.662996 66.663 66.663 66.663 66.663 66.663 0 68.020566 68.020596 68.020606 68.020606
68.020562 68.020562 68.020566 68.020566 68.020566 68.020566 68.020566 68.020566 0 33.26783 33.26784 33.26784
68.020592 68.020592 68.020596 68.020596 68.020596 68.020596 68.020596 68.020596 33.26783 0 18.92641 18.92641
68.020602 68.020602 68.020606 68.020606 68.020606 68.020606 68.020606 68.020606 33.26784 18.92641 0 6.07418
68.020602 68.020602 68.020606 68.020606 68.020606 68.020606 68.020606 68.020606 33.26784 18.92641 6.07418 0
