0 49.32475 49.32475 49.32475 49.32481 49.32472 49.32472 71.18972 71.18978 71.1897845 71.1897845 71.18978
49.32475 0 9.14368 9.14368 32.79254 32.79245 32.79245 71.18967 71.18973 71.1897345 71.1897345 71.18973
49.32475 9.14368 0 3.94506 32.79254 32.79245 32.79245 71.18967 71.18973 71.1897345 71.1897345 71.18973
49.32475 9.14368 3.94506 0 32.79254 32.79245 32.79245 71.18967 71.18973 71.1897345 71.1897345 71.18973
49.32481 32.79254 32.79254 32.79254 0 30.48771 30.48771 71.18973 71.18979 71.1897945 71.1897945 71.18979
49.32472 32.79245 32.79245 32.79245 30.48771 0 22.5454 71.18964 71.1897 71.1897045 71.1897045 71.1897
49.32472 32.79245 32.79245 32.79245 30.48771 22.5454 0 71.18964 71.1897 71.1897045 71.1897045 71.1897
71.18972 71.18967 71.18967 71.18967 71.18973 71.18964 71.18964 0 67.91866 67.9186645 67.9186645 67.91866
71.18978 71.18973 71.18973 71.18973 71.18979 71.1897 71.1897 67.91866 0 11.4075245 11.4075245 11.40752
71.1897845 71.1897345 71.1897345 71.1897345 71.1897945 71.1897045 71.1897045 67.9186645 11.4075245 0 0.046509 3.2800645
71.1897845 71.1897345 71.1897345 71.1897345 71.1897945 71.1897045 71.1897045 67.9186645 11.4075245 0.046509 0 3.2800645
71.18978 71.18973 71.18973 71.18973 71.18979 71.1897 71.1897 67.91866 11.40752 3.2800645 3.2800645 0
