0 15.019795 15.019795 15.019795 53.921 142.438 142.43804 142.43799 142.43801 142.43801 142.43801 142.43801
15.019795 0 1.71661 1.71661 53.920995 142.437995 142.438035 142.437985 142.438005 142.438005 142.438005 142.438005
15.019795 1.71661 0 0.54438 53.920995 142.437995 142.438035 142.437985 142.438005 142.438005 142.438005 142.438005
15.019795 1.71661 0.54438 0 53.920995 142.437995 142.438035 142.437985 142.438005 142.438005 142.438005 142.438005
53.921 53.920995 53.920995 53.920995 0 142.438 142.43804 142.43799 142.43801 142.43801 142.43801 142.43801
142.438 142.437995 142.437995 142.437995 142.438 0 78.08664 78.08659 78.08661 78.08661 78.08661 78.08661
142.43804 142.438035 142.438035 142.438035 142.43804 78.08664 0 68.92115 68.92117 68.92117 68.92117 68.92117
142.43799 142.437985 142.437985 142.437985 142.43799 78.08659 68.92115 0 20.62142 20.62142 36.76472 36.76472
142.43801 142.438005 142.438005 142.438005 142.43801 78.08661 68.92117 20.62142 0 13.20538 36.76474 36.76474
142.43801 142.438005 142.438005 142.438005 142.43801 78.08661 68.92117 20.62142 13.20538 0 36.76474 36.76474
142.43801 142.438005 142.438005 142.438005 142.43801 78.08661 68.92117 36.76472 36.76474 36.76474 0 18.28626
142.43801 142.438005 142.438005 142.438005 142.43801 78.08661 68.92117 36.76472 36.76474 36.76474 18.28626 0
