0 78.055171 78.055171 78.055164 78.055164 78.0552 89.18547 89.18548 89.18548 89.18555 89.18555 89.18555
78.055171 0 1.317662 4.222935 4.222935 46.688571 89.185441 89.185451 89.185451 89.185521 89.185521 89.185521
78.055171 1.317662 0 4.222935 4.222935 46.688571 89.185441 89.185451 89.185451 89.185521 89.185521 89.185521
78.055164 4.222935 4.222935 0 0.827728 46.688564 89.185434 89.185444 89.185444 89.185514 89.185514 89.185514
78.055164 4.222935 4.222935 0.827728 0 46.688564 89.185434 89.185444 89.185444 89.185514 89.185514 89.185514
78.0552 46.688571 46.688571 46.688564 46.688564 0 89.18547 89.18548 89.18548 89.18555 89.18555 89.18555
89.18547 89.185441 89.185441 89.185434 89.185434 89.18547 0 46.38301 46.38301 74.72488 74.72488 74.72488
89.18548 89.185451 89.185451 89.185444 89.185444 89.18548 46.38301 0 43.5892 74.72489 74.72489 74.72489
89.18548 89.185451 89.185451 89.185444 89.185444 89.18548 46.38301 43.5892 0 74.72489 74.72489 74.72489
89.18555 89.185521 89.185521 89.185514 89.185514 89.18555 74.72488 74.72489 74.72489 0 11.7978 18.43596
89.18555 89.185521 89.185521 89.185514 89.185514 89.18555 74.72488 74.72489 74.72489 11.7978 0 18.43596
89.18555 89.185521 89.185521 89.185514 89.185514 89.18555 74.72488 74.72489 74.72489 18.43596 18.43596 0
