0 24.43701 24.43701 49.84189 49.84189 61.22594 61.22595 61.22595 131.31554 131.31562 131.31562 131.31562
24.43701 0 7.06452 49.8419 49.8419 61.22595 61.22596 61.22596 131.31555 131.31563 131.31563 131.31563
24.43701 7.06452 0 49.8419 49.8419 61.22595 61.22596 61.22596 131.31555 131.31563 131.31563 131.31563
49.84189 49.8419 49.8419 0 36.1044 61.22603 61.22604 61.22604 131.31563 131.31571 131.31571 131.31571
49.84189 49.8419 49.8419 36.1044 0 61.22603 61.22604 61.22604 131.31563 131.31571 131.31571 131.31571
61.22594 61.22595 61.22595 61.22603 61.22603 0 36.62701 36.62701 131.3156 131.31568 131.31568 131.31568
61.22595 61.22596 61.22596 61.22604 61.22604 36.62701 0 21.2044 131.31561 131.31569 131.31569 131.31569
61.22595 61.22596 61.22596 61.22604 61.22604 36.62701 21.2044 0 131.31561 131.31569 131.31569 131.31569
131.31554 131.31555 131.31555 131.31563 131.31563 131.3156 131.31561 131.31561 0 106.64088 106.64088 106.64088
131.31562 131.31563 131.31563 131.31571 131.31571 131.31568 131.31569 131.31569 106.64088 0 17.65416 17.65416
131.31562 131.31563 131.31563 131.31571 131.31571 131.31568 131.31569 131.31569 106.64088 17.65416 0 9.06142
131.31562 131.31563 131.31563 131.31571 131.31571 131.31568 131.31569 131.31569 106.64088 17.65416 9.06142 0
