0 44.78774 44.78774 59.475649 59.475589 59.475589 59.475659 59.475659 59.47564 59.47564 59.475645 59.475645
44.78774 0 16.83948 59.475589 59.475529 59.475529 59.475599 59.475599 59.47558 59.47558 59.475585 59.475585
44.78774 16.83948 0 59.475589 59.475529 59.475529 59.475599 59.475599 59.47558 59.47558 59.475585 59.475585
59.475649 59.475589 59.475589 0 27.79114 27.79114 53.40181 53.40181 54.197289 54.197289 54.197294 54.197294
59.475589 59.475529 59.475529 27.79114 0 21.9478 53.40175 53.40175 54.197229 54.197229 54.197234 54.197234
59.475589 59.475529 59.475529 27.79114 21.9478 0 53.40175 53.40175 54.197229 54.197229 54.197234 54.197234
59.475659 59.475599 59.475599 53.40181 53.40175 53.40175 0 36.597 54.197299 54.197299 54.197304 54.197304
59.475659 59.475599 59.475599 53.40181 53.40175 53.40175 36.597 0 54.197299 54.197299 54.197304 54.197304
59.47564 59.47558 59.47558 54.197289 54.197229 54.197229 54.197299 54.197299 0 11.25208 14.888685 14.888685
59.47564 59.47558 59.47558 54.197289 54.197229 54.197229 54.197299 54.197299 11.25208 0 14.888685 14.888685
59.475645 59.475585 59.475585 54.197294 54.197234 54.197234 54.197304 54.197304 14.888685 14.888685 0 1.90141
59.475645 59.475585 59.475585 54.197294 54.197234 54.197234 54.197304 54.197304 14.888685 14.888685 1.90141 0
