0 89.22271 89.22271 89.22271 89.22275 89.222743 89.222743 89.222773 89.222773 89.222753 89.222783 89.222783
89.22271 0 14.86962 14.86962 67.42186 67.421853 67.421853 67.421883 67.421883 67.421863 67.421893 67.421893
89.22271 14.86962 0 10.8139 67.42186 67.421853 67.421853 67.421883 67.421883 67.421863 67.421893 67.421893
89.22271 14.86962 10.8139 0 67.42186 67.421853 67.421853 67.421883 67.421883 67.421863 67.421893 67.421893
89.22275 67.42186 67.42186 67.42186 0 11.863453 11.863453 57.693083 57.693083 57.693063 57.693093 57.693093
89.222743 67.421853 67.421853 67.421853 11.863453 0 0.539786 57.693076 57.693076 57.693056 57.693086 57.693086
89.222743 67.421853 67.421853 67.421853 11.863453 0.539786 0 57.693076 57.693076 57.693056 57.693086 57.693086
89.222773 67.421883 67.421883 67.421883 57.693083 57.693076 57.693076 0 5.23754 56.62772 56.62775 56.62775
89.222773 67.421883 67.421883 67.421883 57.693083 57.693076 57.693076 5.23754 0 56.62772 56.62775 56.62775
89.222753 67.421863 67.421863 67.421863 57.693063 57.693056 57.693056 56.62772 56.62772 0 49.52663 49.52663
89.222783 67.421893 67.421893 67.421893 57.693093 57.693086 57.693086 56.62775 56.62775 49.52663 0 11.58206
89.222783 67.421893 67.421893 67.421893 57.693093 57.693086 57.693086 56.62775 56.62775 49.52663 11.58206 0
