0 0.0770454 11.7528227 23.8158227 32.7867727 63.4843027 63.4843027 63.4843527 63.4843297 63.4843297 63.4842727 63.4842727
0.0770454 0 11.7528227 23.8158227 32.7867727 63.4843027 63.4843027 63.4843527 63.4843297 63.4843297 63.4842727 63.4842727
11.7528227 11.7528227 0 23.81582 32.78677 63.4843 63.4843 63.48435 63.484327 63.484327 63.48427 63.48427
23.8158227 23.8158227 23.81582 0 32.78675 63.48428 63.48428 63.48433 63.484307 63.484307 63.48425 63.48425
32.7867727 32.7867727 32.78677 32.78675 0 63.48433 63.48433 63.48438 63.484357 63.484357 63.4843 63.4843
63.4843027 63.4843027 63.4843 63.48428 63.48433 0 13.94378 29.54935 36.347427 36.347427 36.34737 41.52883
63.4843027 63.4843027 63.4843 63.48428 63.48433 13.94378 0 29.54935 36.347427 36.347427 36.34737 41.52883
63.4843527 63.4843527 63.48435 63.48433 63.48438 29.54935 29.54935 0 36.347477 36.347477 36.34742 41.52888
63.4843297 63.4843297 63.484327 63.484307 63.484357 36.347427 36.347427 36.347477 0 0.767314 28.603057 41.528857
63.4843297 63.4843297 63.484327 63.484307 63.484357 36.347427 36.347427 36.347477 0.767314 0 28.603057 41.528857
63.4842727 63.4842727 63.48427 63.48425 63.4843 36.34737 36.34737 36.34742 28.603057 28.603057 0 41.5288
63.4842727 63.4842727 63.48427 63.48425 63.4843 41.52883 41.52883 41.52888 41.528857 41.528857 41.5288 0
