0 84.14109308 84.14109308 84.14118 84.14118 84.14114 84.14114 84.14117 84.14114 84.141129 84.141129 84.14113
84.14109308 0 0.01102616 23.02191308 74.42811308 74.42807308 74.42807308 79.26492308 79.26489308 79.26488208 79.26488208 79.26488308
84.14109308 0.01102616 0 23.02191308 74.42811308 74.42807308 74.42807308 79.26492308 79.26489308 79.26488208 79.26488208 79.26488308
84.14118 23.02191308 23.02191308 0 74.4282 74.42816 74.42816 79.26501 79.26498 79.264969 79.264969 79.26497
84.14118 74.42811308 74.42811308 74.4282 0 29.42976 29.42976 79.26501 79.26498 79.264969 79.264969 79.26497
84.14114 74.42807308 74.42807308 74.42816 29.42976 0 18.97554 79.26497 79.26494 79.264929 79.264929 79.26493
84.14114 74.42807308 74.42807308 74.42816 29.42976 18.97554 0 79.26497 79.26494 79.264929 79.264929 79.26493
84.14117 79.26492308 79.26492308 79.26501 79.26501 79.26497 79.26497 0 32.28537 32.285359 32.285359 32.28536
84.14114 79.26489308 79.26489308 79.26498 79.26498 79.26494 79.26494 32.28537 0 9.954329 9.954329 9.95433
84.141129 79.26488208 79.26488208 79.264969 79.264969 79.264929 79.264929 32.285359 9.954329 0 4.53804 4.765699
84.141129 79.26488208 79.26488208 79.264969 79.264969 79.264929 79.264929 32.285359 9.954329 4.53804 0 4.765699
84.14113 79.26488308 79.26488308 79.26497 79.26497 79.26493 79.26493 32.28536 9.95433 4.765699 4.765699 0
