0 42.956 51.36902 51.36902 51.36908 51.36908 58.98677 58.98677 58.9868 58.9868 60.938628 60.938628
42.956 0 51.36902 51.36902 51.36908 51.36908 58.98677 58.98677 58.9868 58.9868 60.938628 60.938628
51.36902 51.36902 0 28.7084 48.72446 48.72446 58.98671 58.98671 58.98674 58.98674 60.938568 60.938568
51.36902 51.36902 28.7084 0 48.72446 48.72446 58.98671 58.98671 58.98674 58.98674 60.938568 60.938568
51.36908 51.36908 48.72446 48.72446 0 8.78232 58.98677 58.98677 58.9868 58.9868 60.938628 60.938628
51.36908 51.36908 48.72446 48.72446 8.78232 0 58.98677 58.98677 58.9868 58.9868 60.938628 60.938628
58.98677 58.98677 58.98671 58.98671 58.98677 58.98677 0 49.5792 54.54777 54.54777 60.938638 60.938638
58.98677 58.98677 58.98671 58.98671 58.98677 58.98677 49.5792 0 54.54777 54.54777 60.938638 60.938638
58.9868 58.9868 58.98674 58.98674 58.9868 58.9868 54.54777 54.54777 0 19.0308 60.938668 60.938668
58.9868 58.9868 58.98674 58.98674 58.9868 58.9868 54.54777 54.54777 19.0308 0 60.938668 60.938668
60.938628 60.938628 60.938568 60.938568 60.938628 60.938628 60.938638 60.938638 60.938668 60.938668 0 2.43688
60.938628 60.938628 60.938568 60.938568 60.938628 60.938628 60.938638 60.938638 60.938668 60.938668 2.43688 0
