0 22.5044 34.82134 57.0811 57.0811 57.08107 57.081065 57.081065 72.520254 72.520254 199.018845 199.018845
22.5044 0 34.82134 57.0811 57.0811 57.08107 57.081065 57.081065 72.520254 72.520254 199.018845 199.018845
34.82134 34.82134 0 57.08116 57.08116 57.08113 57.081125 57.081125 72.520314 72.520314 199.018905 199.018905
57.0811 57.0811 57.08116 0 28.9066 41.77789 41.777885 41.777885 72.520274 72.520274 199.018865 199.018865
57.0811 57.0811 57.08116 28.9066 0 41.77789 41.777885 41.777885 72.520274 72.520274 199.018865 199.018865
57.08107 57.08107 57.08113 41.77789 41.77789 0 4.787255 4.787255 72.520244 72.520244 199.018835 199.018835
57.081065 57.081065 57.081125 41.777885 41.777885 4.787255 0 0.35365 72.520239 72.520239 199.01883 199.01883
57.081065 57.081065 57.081125 41.777885 41.777885 4.787255 0.35365 0 72.520239 72.520239 199.01883 199.01883
72.520254 72.520254 72.520314 72.520274 72.520274 72.520244 72.520239 72.520239 0 70.841 199.018899 199.018899
72.520254 72.520254 72.520314 72.520274 72.520274 72.520244 72.520239 72.520239 70.841 0 199.018899 199.018899
199.018845 199.018845 199.018905 199.018865 199.018865 199.018835 199.01883 199.01883 199.018899 199.018899 0 1.16029
199.018845 199.018845 199.018905 199.018865 199.018865 199.018835 199.01883 199.01883 199.018899 199.018899 1.16029 0
