0 57.64559 57.64559 63.05745 63.05742 63.05742 63.0574612 63.0574612 63.057449 63.057459 63.057461 63.057461
57.64559 0 42.0308 63.05744 63.05741 63.05741 63.0574512 63.0574512 63.057439 63.057449 63.057451 63.057451
57.64559 42.0308 0 63.05744 63.05741 63.05741 63.0574512 63.0574512 63.057439 63.057449 63.057451 63.057451
63.05745 63.05744 63.05744 0 27.18897 27.18897 46.5991312 46.5991312 46.599119 46.599129 46.599131 46.599131
63.05742 63.05741 63.05741 27.18897 0 8.25914 46.5991012 46.5991012 46.599089 46.599099 46.599101 46.599101
63.05742 63.05741 63.05741 27.18897 8.25914 0 46.5991012 46.5991012 46.599089 46.599099 46.599101 46.599101
63.0574612 63.0574512 63.0574512 46.5991312 46.5991012 46.5991012 0 0.1206624 40.6520502 40.6520602 40.6520622 40.6520622
63.0574612 63.0574512 63.0574512 46.5991312 46.5991012 46.5991012 0.1206624 0 40.6520502 40.6520602 40.6520622 40.6520622
63.057449 63.057439 63.057439 46.599119 46.599089 46.599089 40.6520502 40.6520502 0 39.52441 39.524412 39.524412
63.057459 63.057449 63.057449 46.599129 46.599099 46.599099 40.6520602 40.6520602 39.52441 0 9.689022 9.689022
63.057461 63.057451 63.057451 46.599131 46.599101 46.599101 40.6520622 40.6520622 39.524412 9.689022 0 7.83584
63.057461 63.057451 63.057451 46.599131 46.599101 46.599101 40.6520622 40.6520622 39.524412 9.689022 7.83584 0
