0 1.009206 107.611953 107.611953 107.612023 107.612023 107.611963 107.611976 107.611996 107.611986 107.611986 107.611986
1.009206 0 107.611953 107.611953 107.612023 107.612023 107.611963 107.611976 107.611996 107.611986 107.611986 107.611986
107.611953 107.611953 0 24.362 101.22267 101.22267 101.22261 101.222623 101.222643 101.222633 101.222633 101.222633
107.611953 107.611953 24.362 0 101.22267 101.22267 101.22261 101.222623 101.222643 101.222633 101.222633 101.222633
107.612023 107.612023 101.22267 101.22267 0 6.58374 50.05288 50.052893 50.052913 50.052903 50.052903 50.052903
107.612023 107.612023 101.22267 101.22267 6.58374 0 50.05288 50.052893 50.052913 50.052903 50.052903 50.052903
107.611963 107.611963 101.22261 101.22261 50.05288 50.05288 0 30.277013 30.277033 30.277023 30.277023 30.277023
107.611976 107.611976 101.222623 101.222623 50.052893 50.052893 30.277013 0 29.51442 29.51441 29.51441 29.51441
107.611996 107.611996 101.222643 101.222643 50.052913 50.052913 30.277033 29.51442 0 14.10255 14.10255 14.10255
107.611986 107.611986 101.222633 101.222633 50.052903 50.052903 30.277023 29.51441 14.10255 0 9.83456 9.83456
107.611986 107.611986 101.222633 101.222633 50.052903 50.052903 30.277023 29.51441 14.10255 9.83456 0 7.77608
107.611986 107.611986 101.222633 101.222633 50.052903 50.052903 30.277023 29.51441 14.10255 9.83456 7.77608 0
