0 5.487019 5.487019 62.023616 62.023666 62.023666 62.023666 62.023676 62.023666 62.023666 62.023686 62.023595
5.487019 0 0.847278 62.023615 62.023665 62.023665 62.023665 62.023675 62.023665 62.023665 62.023685 62.023594
5.487019 0.847278 0 62.023615 62.023665 62.023665 62.023665 62.023675 62.023665 62.023665 62.023685 62.023594
62.023616 62.023615 62.023615 0 47.06525 47.06525 47.06525 58.86612 58.86611 58.86611 58.86613 60.230821
62.023666 62.023665 62.023665 47.06525 0 2.06274 14.2193 58.86617 58.86616 58.86616 58.86618 60.230871
62.023666 62.023665 62.023665 47.06525 2.06274 0 14.2193 58.86617 58.86616 58.86616 58.86618 60.230871
62.023666 62.023665 62.023665 47.06525 14.2193 14.2193 0 58.86617 58.86616 58.86616 58.86618 60.230871
62.023676 62.023675 62.023675 58.86612 58.86617 58.86617 58.86617 0 12.48465 12.48465 22.94519 60.230881
62.023666 62.023665 62.023665 58.86611 58.86616 58.86616 58.86616 12.48465 0 6.2577 22.94518 60.230871
62.023666 62.023665 62.023665 58.86611 58.86616 58.86616 58.86616 12.48465 6.2577 0 22.94518 60.230871
62.023686 62.023685 62.023685 58.86613 58.86618 58.86618 58.86618 22.94519 22.94518 22.94518 0 60.230891
62.023595 62.023594 62.023594 60.230821 60.230871 60.230871 60.230871 60.230881 60.230871 60.230871 60.230891 0
