0 2.4434 5.42744 5.670075 99.504035 126.629385 126.629425 126.629435 126.629435 126.629425 126.629425 126.629405
2.4434 0 5.42744 5.670075 99.504035 126.629385 126.629425 126.629435 126.629435 126.629425 126.629425 126.629405
5.42744 5.42744 0 5.670075 99.504035 126.629385 126.629425 126.629435 126.629435 126.629425 126.629425 126.629405
5.670075 5.670075 5.670075 0 99.50404 126.62939 126.62943 126.62944 126.62944 126.62943 126.62943 126.62941
99.504035 99.504035 99.504035 99.50404 0 126.62935 126.62939 126.6294 126.6294 126.62939 126.62939 126.62937
126.629385 126.629385 126.629385 126.62939 126.62935 0 31.90844 31.90845 31.90845 39.44054 39.44054 39.44052
126.629425 126.629425 126.629425 126.62943 126.62939 31.90844 0 22.70221 22.70221 39.44058 39.44058 39.44056
126.629435 126.629435 126.629435 126.62944 126.6294 31.90845 22.70221 0 10.34402 39.44059 39.44059 39.44057
126.629435 126.629435 126.629435 126.62944 126.6294 31.90845 22.70221 10.34402 0 39.44059 39.44059 39.44057
126.629425 126.629425 126.629425 126.62943 126.62939 39.44054 39.44058 39.44059 39.44059 0 16.8591 27.65722
126.629425 126.629425 126.629425 126.62943 126.62939 39.44054 39.44058 39.44059 39.44059 16.8591 0 27.65722
126.629405 126.629405 126.629405 126.62941 126.62937 39.44052 39.44056 39.44057 39.44057 27.65722 27.65722 0
