0 3.34904 55.43542 159.06845 159.06845 159.06843 159.06843 159.068381 159.068381 159.06838 159.06838 159.06839
3.34904 0 55.43542 159.06845 159.06845 159.06843 159.06843 159.068381 159.068381 159.06838 159.06838 159.06839
55.43542 55.43542 0 159.06843 159.06843 159.06841 159.06841 159.068361 159.068361 159.06836 159.06836 159.06837
159.06845 159.06845 159.06843 0 7.06966 94.24384 94.24384 94.243791 94.243791 94.24379 94.24379 94.2438
159.06845 159.06845 159.06843 7.06966 0 94.24384 94.24384 94.243791 94.243791 94.24379 94.24379 94.2438
159.06843 159.06843 159.06841 94.24384 94.24384 0 41.4118 74.505751 74.505751 74.50575 74.50575 74.50576
159.06843 159.06843 159.06841 94.24384 94.24384 41.4118 0 74.505751 74.505751 74.50575 74.50575 74.50576
159.068381 159.068381 159.068361 94.243791 94.243791 74.505751 74.505751 0 0.457862 3.096081 11.417181 57.947991
159.068381 159.068381 159.068361 94.243791 94.243791 74.505751 74.505751 0.457862 0 3.096081 11.417181 57.947991
159.06838 159.06838 159.06836 94.24379 94.24379 74.50575 74.50575 3.096081 3.096081 0 11.41718 57.94799
159.06838 159.06838 159.06836 94.24379 94.24379 74.50575 74.50575 11.417181 11.417181 11.41718 0 57.94799
159.06839 159.06839 159.06837 94.2438 94.2438 74.50576 74.50576 57.947991 57.947991 57.94799 57.94799 0
