0 31.1574 59.99164 59.99164 59.99164 59.9915996 59.9915996 59.99163 59.991632 59.991632 59.99164 59.99164
31.1574 0 59.99164 59.99164 59.99164 59.9915996 59.9915996 59.99163 59.991632 59.991632 59.99164 59.99164
59.99164 59.99164 0 13.2646 13.2646 28.7940396 28.7940396 28.79407 28.794072 28.794072 28.79408 28.79408
59.99164 59.99164 13.2646 0 4.6555 28.7940396 28.7940396 28.79407 28.794072 28.794072 28.79408 28.79408
59.99164 59.99164 13.2646 4.6555 0 28.7940396 28.7940396 28.79407 28.794072 28.794072 28.79408 28.79408
59.9915996 59.9915996 28.7940396 28.7940396 28.7940396 0 0.1490392 24.9432696 24.9432716 24.9432716 24.9432796 24.9432796
59.9915996 59.9915996 28.7940396 28.7940396 28.7940396 0.1490392 0 24.9432696 24.9432716 24.9432716 24.9432796 24.9432796
59.99163 59.99163 28.79407 28.79407 28.79407 24.9432696 24.9432696 0 6.586602 6.586602 14.39403 17.74015
59.991632 59.991632 28.794072 28.794072 28.794072 24.9432716 24.9432716 6.586602 0 1.118464 14.394032 17.740152
59.991632 59.991632 28.794072 28.794072 28.794072 24.9432716 24.9432716 6.586602 1.118464 0 14.394032 17.740152
59.99164 59.99164 28.79408 28.79408 28.79408 24.9432796 24.9432796 14.39403 14.394032 14.394032 0 17.74016
59.99164 59.99164 28.79408 28.79408 28.79408 24.9432796 24.9432796 17.74015 17.740152 17.740152 17.74016 0
