0 39.70721 39.70721 39.707171 39.707171 50.47737 50.47737 50.47737 50.47737 50.47737 50.47737 50.47739
39.70721 0 14.52224 28.289361 28.289361 50.47738 50.47738 50.47738 50.47738 50.47738 50.47738 50.4774
39.70721 14.52224 0 28.289361 28.289361 50.47738 50.47738 50.47738 50.47738 50.47738 50.47738 50.4774
39.707171 28.289361 28.289361 0 1.556322 50.477341 50.477341 50.477341 50.477341 50.477341 50.477341 50.477361
39.707171 28.289361 28.289361 1.556322 0 50.477341 50.477341 50.477341 50.477341 50.477341 50.477341 50.477361
50.47737 50.47738 50.47738 50.477341 50.477341 0 11.01334 11.01334 38.97634 38.97634 38.97634 38.97636
50.47737 50.47738 50.47738 50.477341 50.477341 11.01334 0 3.58926 38.97634 38.97634 38.97634 38.97636
50.47737 50.47738 50.47738 50.477341 50.477341 11.01334 3.58926 0 38.97634 38.97634 38.97634 38.97636
50.47737 50.47738 50.47738 50.477341 50.477341 38.97634 38.97634 38.97634 0 12.80018 12.80018 30.33518
50.47737 50.47738 50.47738 50.477341 50.477341 38.97634 38.97634 38.97634 12.80018 0 8.95362 30.33518
50.47737 50.47738 50.47738 50.477341 50.477341 38.97634 38.97634 38.97634 12.80018 8.95362 0 30.33518
50.47739 50.4774 50.4774 50.477361 50.477361 38.97636 38.97636 38.97636 30.33518 30.33518 30.33518 0
